   2.5000000000000001E-002   276.84637500000002       0.19916720533146978        1.0885230049278909        9.4720571382880595E-007
   5.0000000000000003E-002   276.84637500000002       0.19916720533146978        1.0885230049278909        9.4720571382880595E-007
  0.10000000000000001        276.84637500000002       0.19916720533146978        1.0885230049278909        9.4720571382880595E-007
  0.14999999999999999        276.84637500000002       0.19916720533146978        1.0885230049278909        9.4720571382880595E-007
  0.20000000000000001        276.84637500000002       0.19916720533146978        1.0885230049278909        9.4720571382880595E-007
  0.25000000000000000        276.84637500000002       0.19916720533146978        1.0885230049278909        9.4720571382880595E-007
  0.29999999999999999        276.84637500000002       0.19916720533146978        1.0885230049278909        9.4720571382880595E-007
  0.34999999999999998        276.84637500000002       0.19916720533146978        1.0885230049278909        9.4720571382880595E-007
  0.40000000000000002        276.84637500000002       0.19916720533146978        1.0885230049278909        9.4720571382880595E-007
  0.50000000000000000        276.84637500000002       0.19916720533146978        1.0885230049278909        9.4720571382880595E-007
  0.59999999999999998        276.84637500000002       0.19916720533146978        1.0885230049278909        9.4720571382880595E-007
  0.69999999999999996        276.84637500000002       0.19916720533146978        1.0885230049278909        9.4720571382880595E-007
  0.80000000000000004        276.84637500000002       0.19916720533146978        1.0885230049278909        9.4720571382880595E-007
   1.0000000000000000        276.84637500000002       0.19916720533146978        1.0885230049278909        9.4720571382880595E-007
   2.5000000000000001E-002   280.26074585354837       0.19903645496436759        1.0881779107152121        9.4294136722788324E-007
   5.0000000000000003E-002   278.77011241288693       0.19906076244126000        1.0882420920317428        9.4373289760852347E-007
  0.10000000000000001        277.43764041655339       0.19909734732225459        1.0883386683942229        9.4492529039100311E-007
  0.14999999999999999        277.00895183868710       0.19911858948927408        1.0883947310270050        9.4561821628070937E-007
  0.20000000000000001        276.88712842678279       0.19913017840163888        1.0884253128720942        9.4599643310999327E-007
  0.25000000000000000        276.85582061968790       0.19913683780498648        1.0884428850866941        9.4621382849468017E-007
  0.29999999999999999        276.84842088593746       0.19914121926348552        1.0884544459917551        9.4635688393730308E-007
  0.34999999999999998        276.84678972930743       0.19914453607164839        1.0884631974596399        9.4646519063634112E-007
  0.40000000000000002        276.84643850214849       0.19914728513747387        1.0884704507618788        9.4655496636468387E-007
  0.50000000000000000        276.84637882328366       0.19915170726936041        1.0884821180683437        9.4669939436448071E-007
  0.59999999999999998        276.84637521626422       0.19915513898266612        1.0884911719971848        9.4681148800670325E-007
  0.69999999999999996        276.84637501157897       0.19915783305548526        1.0884982796367546        9.4689949527198382E-007
  0.80000000000000004        276.84637500041316       0.19916011037256956        1.0885042876577995        9.4697389383089035E-007
   1.0000000000000000        276.84637500000514       0.19916688721356332        1.0885221657197985        9.4719531863698664E-007
   2.5000000000000001E-002   283.45006136222923       0.19890529507676491        1.0878313941665594        9.3868015637570329E-007
   5.0000000000000003E-002   281.70813084430591       0.19892822658940401        1.0878920025360779        9.3942398163932757E-007
  0.10000000000000001        279.22205794173368       0.19897123452399490        1.0880056450045581        9.4082038022741297E-007
  0.14999999999999999        277.88449044751775       0.19900713006433893        1.0881004657905293        9.4198720829233639E-007
  0.20000000000000001        277.25883216440133       0.19903510317813883        1.0881743411221785        9.4289736533405220E-007
  0.25000000000000000        276.99720999249405       0.19905627010375157        1.0882302313753949        9.4358656976030063E-007
  0.29999999999999999        276.89759023738748       0.19907240444303695        1.0882728273441071        9.4411220001851676E-007
  0.34999999999999998        276.86247095204192       0.19908510238758065        1.0883063473130197        9.4452605409891723E-007
  0.40000000000000002        276.85048742057955       0.19909550739714682        1.0883338120155288        9.4486529190218150E-007
  0.50000000000000000        276.84681198504188       0.19911167301495078        1.0883764779526912        9.4539255115042338E-007
  0.59999999999999998        276.84641752520668       0.19912404632349043        1.0884091313352326        9.4579628993409396E-007
  0.69999999999999996        276.84637883072037       0.19913385163346004        1.0884350055637484        9.4611634002220996E-007
  0.80000000000000004        276.84637523312324       0.19914244795586322        1.0884576879478338        9.4639700429185567E-007
   1.0000000000000000        276.84637500529686       0.19916493116772249        1.0885170055464346        9.4713140274362959E-007
   2.5000000000000001E-002   282.44857206322962       0.19880629936835872        1.0875696266933519        9.3547482340403548E-007
   5.0000000000000003E-002   281.99250291634530       0.19884109834149771        1.0876616654473812        9.3660049445870630E-007
  0.10000000000000001        280.32954197341439       0.19889634066515000        1.0878077246659299        9.3838984042174679E-007
  0.14999999999999999        278.87553362845756       0.19894033071547076        1.0879239897225759        9.3981680399073977E-007
  0.20000000000000001        277.90676157085107       0.19897611447056035        1.0880185372579543        9.4097893623603452E-007
  0.25000000000000000        277.35367633562385       0.19900516919538480        1.0880952866685321        9.4192343595626518E-007
  0.29999999999999999        277.07099692444615       0.19902867958223197        1.0881573781631919        9.4268829531414545E-007
  0.34999999999999998        276.93819033461034       0.19904779275637219        1.0882078484149127        9.4331049193604878E-007
  0.40000000000000002        276.87860064518225       0.19906354824916220        1.0882494469121176        9.4382364881079845E-007
  0.50000000000000000        276.85139656177637       0.19908756931691501        1.0883128591287199        9.4460647475919320E-007
  0.59999999999999998        276.84707933452734       0.19910563198491077        1.0883605344614273        9.4519548695740886E-007
  0.69999999999999996        276.84646503528074       0.19912006692272363        1.0883986299572015        9.4566642674988004E-007
  0.80000000000000004        276.84638291863689       0.19913298222152678        1.0884327114387720        9.4608795825533128E-007
   1.0000000000000000        276.84637526284934       0.19916145250350706        1.0885078284212446        9.4701774276849508E-007
   2.5000000000000001E-002   278.40591723543361       0.19876201627012779        1.0874524687716178        9.3404403323318323E-007
   5.0000000000000003E-002   279.18208134211284       0.19880163122986644        1.0875572782393339        9.3532390725729841E-007
  0.10000000000000001        279.52257315707709       0.19886784703830060        1.0877323958713905        9.3746654314849874E-007
  0.14999999999999999        279.02349544802678       0.19891969385439906        1.0878694515981782        9.3914714806820401E-007
  0.20000000000000001        278.32124972835692       0.19896049615907319        1.0879772738204112        9.4047155673526990E-007
  0.25000000000000000        277.72903668571860       0.19899297068452268        1.0880630657780734        9.4152679289123536E-007
  0.29999999999999999        277.32619748023791       0.19901910968041919        1.0881321051497193        9.4237689533132203E-007
  0.34999999999999998        277.08522518990566       0.19904036996902433        1.0881882486636127        9.4306881415511235E-007
  0.40000000000000002        276.95197172245645       0.19905786053859828        1.0882344304826923        9.4363837240184653E-007
  0.50000000000000000        276.86849787138277       0.19908419048900319        1.0883039401946191        9.4449632814319202E-007
  0.59999999999999998        276.85048248340070       0.19910364153367646        1.0883552811021546        9.4513056421746584E-007
  0.69999999999999996        276.84706098726372       0.19911916518620032        1.0883962502898512        9.4563700172919051E-007
  0.80000000000000004        276.84645551706416       0.19913285801538574        1.0884323836937007        9.4608390363177369E-007
   1.0000000000000000        276.84637862119303       0.19915805139262568        1.0884988556585602        9.4690662799660160E-007
   2.5000000000000001E-002   276.37414393067411       0.19872846995285240        1.0873636906748634        9.3296139441907594E-007
   5.0000000000000003E-002   277.24881679496713       0.19876916573855874        1.0874713864638696        9.3427490642951074E-007
  0.10000000000000001        278.24397574322137       0.19883950014093729        1.0876574389434750        9.3654877080330682E-007
  0.14999999999999999        278.46398888875575       0.19889651333611477        1.0878081811080542        9.3839543795748568E-007
  0.20000000000000001        278.24555728645811       0.19894224287744394        1.0879290426651358        9.3987887334824088E-007
  0.25000000000000000        277.87299554541306       0.19897882251125126        1.0880256913833006        9.4106693396036044E-007
  0.29999999999999999        277.51594507390485       0.19900818571482384        1.0881032539832582        9.4202154219972925E-007
  0.34999999999999998        277.24218502796344       0.19903194206123728        1.0881659935799950        9.4279447489946827E-007
  0.40000000000000002        277.05809321844947       0.19905137382591151        1.0882173037801020        9.4342710653905559E-007
  0.50000000000000000        276.90355237835968       0.19908033353683083        1.0882937589009707        9.4437060853937757E-007
  0.59999999999999998        276.85979533082570       0.19910142071272813        1.0883494196396659        9.4505813198373402E-007
  0.69999999999999996        276.84916783668012       0.19911799867753777        1.0883931718693649        9.4559893795549293E-007
  0.80000000000000004        276.84679227216242       0.19913210253773339        1.0884303901940666        9.4605924190620793E-007
   1.0000000000000000        276.84639931242066       0.19915499880094059        1.0884908021587008        9.4680690888217640E-007
   2.5000000000000001E-002   275.02496208985463       0.19869930949831818        1.0872865012404298        9.3202117166355255E-007
   5.0000000000000003E-002   275.93551506038858       0.19874059286512466        1.0873957757447512        9.3335251283581784E-007
  0.10000000000000001        277.17301435979579       0.19881326995625417        1.0875880649233003        9.3570021411777022E-007
  0.14999999999999999        277.76702106078062       0.19887364521289125        1.0877477258549837        9.3765436218677593E-007
  0.20000000000000001        277.90734626489569       0.19892312607064247        1.0878785226852110        9.3925849351178667E-007
  0.25000000000000000        277.78918718293312       0.19896333515602538        1.0879847747855447        9.4056376755363196E-007
  0.29999999999999999        277.56796133099925       0.19899590624793578        1.0880708199840354        9.4162223173508439E-007
  0.34999999999999998        277.34152880264412       0.19902234135626659        1.0881406398387479        9.4248204267197660E-007
  0.40000000000000002        277.15666531758819       0.19904393720352945        1.0881976680259893        9.4318495277761264E-007
  0.50000000000000000        276.95136590850632       0.19907588939634555        1.0882820272250102        9.4422576692030021E-007
  0.59999999999999998        276.87662633314233       0.19909881782109068        1.0883425496447188        9.4497324452458094E-007
  0.69999999999999996        276.85398794883207       0.19911645726673907        1.0883891040393574        9.4554864294142708E-007
  0.80000000000000004        276.84777955545280       0.19913089649589072        1.0884272077548327        9.4601987315343940E-007
   1.0000000000000000        276.84647803487462       0.19915218957179054        1.0884833905465383        9.4671514762849725E-007
   2.5000000000000001E-002   273.77618213233080       0.19867291223407649        1.0872166115061268        9.3117074097295639E-007
   5.0000000000000003E-002   274.77768964085391       0.19871459047061180        1.0873269529858465        9.3251377619429577E-007
  0.10000000000000001        276.22635301741099       0.19878887257458058        1.0875235260252629        9.3491153909597018E-007
  0.14999999999999999        277.07410567206983       0.19885167661049274        1.0876896388107633        9.3694290774485206E-007
  0.20000000000000001        277.47237430522699       0.19890406151095569        1.0878281335349200        9.3864015769583469E-007
  0.25000000000000000        277.57165875145932       0.19894730732328980        1.0879424252562064        9.4004328372032867E-007
  0.29999999999999999        277.50275535136984       0.19898277839888631        1.0880361418193156        9.4119549308271101E-007
  0.34999999999999998        277.36371487753973       0.19901180759312809        1.0881128199495249        9.4213934806097330E-007
  0.40000000000000002        277.21712542564734       0.19903561495169028        1.0881756925407993        9.4291402383079485E-007
  0.50000000000000000        276.99972725220289       0.19907081570106577        1.0882686331656588        9.4406043031346140E-007
  0.59999999999999998        276.89932141012969       0.19909576867102438        1.0883345016373109        9.4487381163642860E-007
  0.69999999999999996        276.86212031804138       0.19911453183339198        1.0883840226958559        9.4548582078657492E-007
  0.80000000000000004        276.84988137222064       0.19912934835133883        1.0884231225507737        9.4596933921387357E-007
   1.0000000000000000        276.84669237399788       0.19914954869269061        1.0884764229507760        9.4662889232593082E-007
   2.5000000000000001E-002   272.77750000835130       0.19864851757951657        1.0871520115459923        9.3038541719246214E-007
   5.0000000000000003E-002   273.71395219070700       0.19869048733955977        1.0872631451266825        9.3173687770286080E-007
  0.10000000000000001        275.31812369711173       0.19876597341395605        1.0874629396101192        9.3417181271494844E-007
  0.14999999999999999        276.37908746380702       0.19883065361304914        1.0876340430340909        9.3626250872808600E-007
  0.20000000000000001        276.99014347719202       0.19888536858808506        1.0877787196252902        9.3803421321825770E-007
  0.25000000000000000        277.27697693824564       0.19893116294662710        1.0878997626211833        9.3951926408307304E-007
  0.29999999999999999        277.35480400254500       0.19896918912513312        1.0880002411568659        9.4075392926502985E-007
  0.34999999999999998        277.31664614013368       0.19900061757704332        1.0880832644655234        9.4177542022536764E-007
  0.40000000000000002        277.22966668272585       0.19902656404503094        1.0881517914287737        9.4261944918657755E-007
  0.50000000000000000        277.03736622266598       0.19906511443398103        1.0882535817676753        9.4387467252895482E-007
  0.59999999999999998        276.92390150547607       0.19909223668899323        1.0883251789995085        9.4475864475691219E-007
  0.69999999999999996        276.87311256642880       0.19911222102498788        1.0883779242253477        9.4541042950000282E-007
  0.80000000000000004        276.85342658337527       0.19912751009052373        1.0884182717335513        9.4590933840611652E-007
   1.0000000000000000        276.84715004209033       0.19914701900894463        1.0884697485987651        9.4654627513700705E-007
   2.5000000000000001E-002   278.07859005013466       0.19849048895728039        1.0867332450836145        9.2531178231278547E-007
   5.0000000000000003E-002   276.53868950081790       0.19855718854924226        1.0869100558756568        9.2745033492496967E-007
  0.10000000000000001        275.75333959845204       0.19868948389428900        1.0872604884697248        9.3170454638475761E-007
  0.14999999999999999        276.08207399743640       0.19878024291520976        1.0875006949690433        9.3463271088751200E-007
  0.20000000000000001        276.58766186251148       0.19884581149239361        1.0876741292630532        9.3675304359065375E-007
  0.25000000000000000        276.95894015566023       0.19889758106638605        1.0878110035559274        9.3843005158101224E-007
  0.29999999999999999        277.15344044114590       0.19894017763184807        1.0879235851915907        9.3981183500135317E-007
  0.34999999999999998        277.21402415889548       0.19897561485631782        1.0880172173567824        9.4096270205017430E-007
  0.40000000000000002        277.19601458121099       0.19900514672955386        1.0880952273304780        9.4192270533293437E-007
  0.50000000000000000        277.05723277617642       0.19904962274126953        1.0882126802924734        9.4337008235980122E-007
  0.59999999999999998        276.94590515168676       0.19908103717036502        1.0882956163221522        9.4439354281809215E-007
  0.69999999999999996        276.88563526709265       0.19910393949743418        1.0883560675171211        9.4514028268758627E-007
  0.80000000000000004        276.85844489770426       0.19912113608908677        1.0884014514481231        9.4570131627210405E-007
   1.0000000000000000        276.84796471385914       0.19914443186521039        1.0884629225120925        9.4646178772931595E-007
   2.5000000000000001E-002   282.41143833736436       0.19845771399305892        1.0866463309019971        9.2426248137081233E-007
   5.0000000000000003E-002   280.48698977176991       0.19849083969309442        1.0867341750651076        9.2532301673408863E-007
  0.10000000000000001        278.00405630899752       0.19857251490191144        1.0869506712206645        9.2794233165639386E-007
  0.14999999999999999        276.98122565829919       0.19865844268557400        1.0871782958456302        9.3070486239340201E-007
  0.20000000000000001        276.76519109826205       0.19873711745974226        1.0873865778730143        9.3324037239882592E-007
  0.25000000000000000        276.86029421029951       0.19880427871297626        1.0875642815817390        9.3540949512684541E-007
  0.29999999999999999        277.00378109917858       0.19886013952890128        1.0877120166985237        9.3721692520148075E-007
  0.34999999999999998        277.09814693354429       0.19890646643130191        1.0878344903297705        9.3871813918759117E-007
  0.40000000000000002        277.13007700841416       0.19894510774815827        1.0879366130315542        9.3997187447559178E-007
  0.50000000000000000        277.05697913908597       0.19900400000367638        1.0880921985183332        9.4188541268914935E-007
  0.59999999999999998        276.96165064276454       0.19904631832858677        1.0882039552990961        9.4326248197977592E-007
  0.69999999999999996        276.89794153743532       0.19907748401285527        1.0882862367509887        9.4427773582930034E-007
  0.80000000000000004        276.86462932012586       0.19910144291882959        1.0883494782492118        9.4505885621384056E-007
   1.0000000000000000        276.84922529211394       0.19914037894025227        1.0884522287465952        9.4632944579375990E-007
   2.5000000000000001E-002   282.00797110557301       0.19840296684331926        1.0865011019454818        9.2251200147575149E-007
   5.0000000000000003E-002   281.33705188275826       0.19844352475231683        1.0866086965486785        9.2380852376569836E-007
  0.10000000000000001        279.52259704604836       0.19852218088129414        1.0868172667897644        9.2632737719146250E-007
  0.14999999999999999        278.15907343905275       0.19860056322315139        1.0870249880577434        9.2884329838132348E-007
  0.20000000000000001        277.41163144080008       0.19867606043128494        1.0872249474434132        9.3127213041735335E-007
  0.25000000000000000        277.11004755475767       0.19874538741116099        1.0874084644071726        9.3350723670507386E-007
  0.29999999999999999        277.04124317126661       0.19880662124410647        1.0875704781233546        9.3548523008475229E-007
  0.34999999999999998        277.05514588992230       0.19885937085090397        1.0877099841973590        9.3719203365648400E-007
  0.40000000000000002        277.07433688138332       0.19890423272647362        1.0878285861033716        9.3864570931478085E-007
  0.50000000000000000        277.04292609032558       0.19897343920110522        1.0880114695646976        9.4089201031625626E-007
  0.59999999999999998        276.96958183732329       0.19902346054068318        1.0881435954985863        9.4251845932475341E-007
  0.69999999999999996        276.90840912947971       0.19906056136835867        1.0882415611682323        9.4372634769393929E-007
  0.80000000000000004        276.87141323274773       0.19908952475331429        1.0883180206991450        9.4467022516288171E-007
   1.0000000000000000        276.85097051271805       0.19913478397062326        1.0884374657134053        9.4614677677817795E-007
   2.5000000000000001E-002   278.54699483644498       0.19838727905131157        1.0864594755466221        9.2201092405798443E-007
   5.0000000000000003E-002   279.07125131166163       0.19843093521782723        1.0865753017513100        9.2340590522133644E-007
  0.10000000000000001        279.10990750500662       0.19851387446565175        1.0867952467413791        9.2606109892089044E-007
  0.14999999999999999        278.53582058893426       0.19859155387297572        1.0870011185944952        9.2855381905112402E-007
  0.20000000000000001        277.91129804485723       0.19866404006152608        1.0871931183071399        9.3088505845849476E-007
  0.25000000000000000        277.46942367100570       0.19873073956103626        1.0873696977496103        9.3303460755032341E-007
  0.29999999999999999        277.22667771623389       0.19879089675647812        1.0875288810867125        9.3497695162132300E-007
  0.34999999999999998        277.11744629681209       0.19884406312952035        1.0876695058105585        9.3669645238060760E-007
  0.40000000000000002        277.07183906553138       0.19889026945021385        1.0877916755090515        9.3819304583576534E-007
  0.50000000000000000        277.03063752353569       0.19896325120097183        1.0879845529686818        9.4056104057681288E-007
  0.59999999999999998        276.97191264531676       0.19901648423441429        1.0881251713295141        9.4229147995232165E-007
  0.69999999999999996        276.91627269311226       0.19905604798194843        1.0882296449196529        9.4357933514229196E-007
  0.80000000000000004        276.87815814884965       0.19908663335293192        1.0883103885310608        9.4457596211352250E-007
   1.0000000000000000        276.85317839381156       0.19912920233359821        1.0884227372404554        9.4596457307792878E-007
   2.5000000000000001E-002   276.99756099786794       0.19837523567319088        1.0864275159900050        9.2162640920174194E-007
   5.0000000000000003E-002   277.57732335622438       0.19841899974981411        1.0865436389930252        9.2302434245545532E-007
  0.10000000000000001        278.17372170671854       0.19850229951519943        1.0867645596099220        9.2569015049706894E-007
  0.14999999999999999        278.21106773534621       0.19857989435994702        1.0869702253569615        9.2817930180708777E-007
  0.20000000000000001        277.96394892929470       0.19865170619097325        1.0871604560447934        9.3048803425547089E-007
  0.25000000000000000        277.65402643200349       0.19871753349609508        1.0873347432194902        9.3260867447687446E-007
  0.29999999999999999        277.39797969572243       0.19877713247110151        1.0874924654594391        9.3453222845005923E-007
  0.34999999999999998        277.22554834317759       0.19883035144022837        1.0876332438672749        9.3625273213133097E-007
  0.40000000000000002        277.12093146641939       0.19887723661992515        1.0877572209578501        9.3777071399695672E-007
  0.50000000000000000        277.03332492941479       0.19895298916186824        1.0879574386748501        9.4022776616073365E-007
  0.59999999999999998        276.97372828115857       0.19900915112623033        1.0881058038163913        9.4205294211331069E-007
  0.69999999999999996        276.92212274081481       0.19905103148086381        1.0882163998719405        9.4341595781986935E-007
  0.80000000000000004        276.88442218435756       0.19908291687508006        1.0883005782366066        9.4445481237377425E-007
   1.0000000000000000        276.85577849091550       0.19912388687457722        1.0884087105660418        9.4579108620848284E-007
   2.5000000000000001E-002   275.94987979350208       0.19836332617325841        1.0863959088521880        9.2124630349179866E-007
   5.0000000000000003E-002   276.58046655453779       0.19840706050855347        1.0865119633741642        9.2264279385512738E-007
  0.10000000000000001        277.39659926157202       0.19849026877906192        1.0867326612763704        9.2530472984228200E-007
  0.14999999999999999        277.74163667849149       0.19856766868532619        1.0869378290925269        9.2778673741996571E-007
  0.20000000000000001        277.77355597276494       0.19863918240535755        1.0871272877475646        9.3008504478924789E-007
  0.25000000000000000        277.64480557730457       0.19870471191146921        1.0873008030250426        9.3219530095181319E-007
  0.29999999999999999        277.46830142235547       0.19876417695734527        1.0874581861175072        9.3411380177831736E-007
  0.34999999999999998        277.30709574968535       0.19881756796962538        1.0875994333181491        9.3583921150346340E-007
  0.40000000000000002        277.18395915527827       0.19886499387607173        1.0877248520566092        9.3737413307210113E-007
  0.50000000000000000        277.05157890505126       0.19894286173152950        1.0879306779891253        9.3989896228975921E-007
  0.59999999999999998        276.97930951814118       0.19900153574113133        1.0880856896482223        9.4180527673671093E-007
  0.69999999999999996        276.92747262504906       0.19904550585794326        1.0882018100129223        9.4323602740200296E-007
  0.80000000000000004        276.89014512419016       0.19907857985470190        1.0882891295643879        9.4431345097725059E-007
   1.0000000000000000        276.85868499718345       0.19911872038168815        1.0883950764523587        9.4562248737625409E-007
   2.5000000000000001E-002   274.97950384726340       0.19909619042817411        1.0883356148453061        9.4488756461874999E-007
   5.0000000000000003E-002   275.69582141470323       0.19890722804499006        1.0878365034377104        9.3874283628295005E-007
  0.10000000000000001        276.69848766480050       0.19869859776010154        1.0872846170155734        9.3199823315971090E-007
  0.14999999999999999        277.25385754156576       0.19863924742974912        1.0871274599678227        9.3008713675420526E-007
  0.20000000000000001        277.48806222770571       0.19865552663387520        1.0871705735752513        9.3061099788484970E-007
  0.25000000000000000        277.51966208771034       0.19870125733325875        1.0872916578024248        9.3208395060925804E-007
  0.29999999999999999        277.44622497716978       0.19875436855005713        1.0874322315637213        9.3379712428135471E-007
  0.34999999999999998        277.33611784001562       0.19880609776347979        1.0875690934043971        9.3546830529447417E-007
  0.40000000000000002        277.22896715629486       0.19885347284799659        1.0876943885919266        9.3700106167834212E-007
  0.50000000000000000        277.07661966853743       0.19893294400093889        1.0879044694352695        9.3957706189448519E-007
  0.59999999999999998        276.98957185533885       0.19899373956176650        1.0880650967616707        9.4155178925462026E-007
  0.69999999999999996        276.93369005462586       0.19903956296677708        1.0881861177210688        9.4304254223970245E-007
  0.80000000000000004        276.89559616937140       0.19907376396494478        1.0882764163562380        9.4415650243475001E-007
   1.0000000000000000        276.86183228893350       0.19911362100202626        1.0883816189271385        9.4545610384176292E-007
   2.5000000000000001E-002   274.11724681085286       0.19933877528603577        1.0889753209012811        9.5282635723394246E-007
   5.0000000000000003E-002   274.83008376322834       0.19922668163210600        1.0886798705507337        9.4915094447217109E-007
  0.10000000000000001        276.00244198057214       0.19897777084097848        1.0880229130889931        9.4103275912225301E-007
  0.14999999999999999        276.74521034235408       0.19882172459558214        1.0876104273882814        9.3597365321367947E-007
  0.20000000000000001        277.15125652489922       0.19875379358248504        1.0874307100516118        9.3377856353392628E-007
  0.25000000000000000        277.32538550736018       0.19874461370612517        1.0874064168445372        9.3348226713642078E-007
  0.29999999999999999        277.35697316561647       0.19876767273037207        1.0874674360068681        9.3422668964650110E-007
  0.34999999999999998        277.31409195682591       0.19880490755222810        1.0875659450190756        9.3542982523412134E-007
  0.40000000000000002        277.24303414506420       0.19884596543389965        1.0876745363502500        9.3675802652691502E-007
  0.50000000000000000        277.09872988922581       0.19892378062315763        1.0878802525912088        9.3927972930535432E-007
  0.59999999999999998        277.00258279985394       0.19898590448561196        1.0880443999149156        9.4129709580580567E-007
  0.69999999999999996        276.94127136548582       0.19903330074949019        1.0881695814841483        9.4283869734137215E-007
  0.80000000000000004        276.90114338812543       0.19906856653971539        1.0882626954359889        9.4398714476278942E-007
   1.0000000000000000        276.86519224646173       0.19910853029817582        1.0883681837825694        9.4529002833483023E-007
