   2.5000000000000001E-002   276.84637500000002       0.19916720533146978        1.0885230049278909        9.4720571382880595E-007
   5.0000000000000003E-002   276.84637500000002       0.19916720533146978        1.0885230049278909        9.4720571382880595E-007
  0.10000000000000001        276.84637500000002       0.19916720533146978        1.0885230049278909        9.4720571382880595E-007
  0.14999999999999999        276.84637500000002       0.19916720533146978        1.0885230049278909        9.4720571382880595E-007
  0.20000000000000001        276.84637500000002       0.19916720533146978        1.0885230049278909        9.4720571382880595E-007
  0.25000000000000000        276.84637500000002       0.19916720533146978        1.0885230049278909        9.4720571382880595E-007
  0.29999999999999999        276.84637500000002       0.19916720533146978        1.0885230049278909        9.4720571382880595E-007
  0.34999999999999998        276.84637500000002       0.19916720533146978        1.0885230049278909        9.4720571382880595E-007
  0.40000000000000002        276.84637500000002       0.19916720533146978        1.0885230049278909        9.4720571382880595E-007
  0.50000000000000000        276.84637500000002       0.19916720533146978        1.0885230049278909        9.4720571382880595E-007
  0.59999999999999998        276.84637500000002       0.19916720533146978        1.0885230049278909        9.4720571382880595E-007
  0.69999999999999996        276.84637500000002       0.19916720533146978        1.0885230049278909        9.4720571382880595E-007
  0.80000000000000004        276.84637500000002       0.19916720533146978        1.0885230049278909        9.4720571382880595E-007
   1.0000000000000000        276.84637500000002       0.19916720533146978        1.0885230049278909        9.4720571382880595E-007
   2.5000000000000001E-002   280.22398829193378       0.19903670298122325        1.0881785656367444        9.4294944059674592E-007
   5.0000000000000003E-002   278.75065479430509       0.19906114387727894        1.0882430990795289        9.4374532292684520E-007
  0.10000000000000001        277.43208215640010       0.19909779946149803        1.0883398617799949        9.4494003478902380E-007
  0.14999999999999999        277.00750728393439       0.19911902478530497        1.0883958797728226        9.4563242030693178E-007
  0.20000000000000001        276.88678209151055       0.19913057316466753        1.0884263545606432        9.4600931890933566E-007
  0.25000000000000000        276.85574314671328       0.19913718911574119        1.0884438120684023        9.4622529817535690E-007
  0.29999999999999999        276.84840457081270       0.19914153007482333        1.0884552660832647        9.4636703268777784E-007
  0.34999999999999998        276.84678649301503       0.19914481056412600        1.0884639217040091        9.4647415435885515E-007
  0.40000000000000002        276.84643801557468       0.19914752740837352        1.0884710899769388        9.4656287850899129E-007
  0.50000000000000000        276.84637879435201       0.19915189601947050        1.0884826160560166        9.4670555941210611E-007
  0.59999999999999998        276.84637521463679       0.19915528598218910        1.0884915598225005        9.4681628985921179E-007
  0.69999999999999996        276.84637501149240       0.19915794732958927        1.0884985811173060        9.4690322841817704E-007
  0.80000000000000004        276.84637500041049       0.19916019727302206        1.0885045169166525        9.4697673291455521E-007
   1.0000000000000000        276.84637500000525       0.19916689036164506        1.0885221740245772        9.4719542150690043E-007
   2.5000000000000001E-002   283.32898298371856       0.19890701459369339        1.0878359392414259        9.3873591457217018E-007
   5.0000000000000003E-002   281.62759839426764       0.19893031060115698        1.0878975100950148        9.3949160530361187E-007
  0.10000000000000001        279.18772293593400       0.19897360885434895        1.0880119177694181        9.4089752255319666E-007
  0.14999999999999999        277.87097163704277       0.19900948247559175        1.0881066789681144        9.4206371942571870E-007
  0.20000000000000001        277.25388469458051       0.19903729389670630        1.0881801260228341        9.4296867613489867E-007
  0.25000000000000000        276.99551694152154       0.19905825158513574        1.0882354629261937        9.4365110969541813E-007
  0.29999999999999999        276.89704593424540       0.19907417236595737        1.0882774944899745        9.4416981124811286E-007
  0.34999999999999998        276.86230747768951       0.19908667000962998        1.0883104852914711        9.4457715711464270E-007
  0.40000000000000002        276.85044752080756       0.19909689359883734        1.0883374708230658        9.4491049453020822E-007
  0.50000000000000000        276.84680792687152       0.19911275423767455        1.0883793314400672        9.4542782537622293E-007
  0.59999999999999998        276.84641714396867       0.19912488828440952        1.0884113531746444        9.4582376831692674E-007
  0.69999999999999996        276.84637879735607       0.19913450371702363        1.0884367262125765        9.4613762762832835E-007
  0.80000000000000004        276.84637523114424       0.19914293498118207        1.0884589729761505        9.4641290747722850E-007
   1.0000000000000000        276.84637500525247       0.19916496823042878        1.0885171033209178        9.4713261377300993E-007
   2.5000000000000001E-002   282.24170261674590       0.19880952360308857        1.0875781553886483        9.3557907176571586E-007
   5.0000000000000003E-002   281.83765930199269       0.19884439215470345        1.0876703759047812        9.3670710208232800E-007
  0.10000000000000001        280.24882837732554       0.19889982595521663        1.0878169376413791        9.3850282982660472E-007
  0.14999999999999999        278.83622127005350       0.19894384206326599        1.0879332685034178        9.3993078609459173E-007
  0.20000000000000001        277.88876733372848       0.19897948320126760        1.0880274367777698        9.4108840413531155E-007
  0.25000000000000000        277.34591289004385       0.19900829181538587        1.0881035342157082        9.4202499306661085E-007
  0.29999999999999999        277.06783429420932       0.19903151230494512        1.0881648587098265        9.4278048760596911E-007
  0.34999999999999998        276.93698367698539       0.19905033015507229        1.0882145481244083        9.4339311897929964E-007
  0.40000000000000002        276.87820561284815       0.19906580526899423        1.0882554056129148        9.4389717954331934E-007
  0.50000000000000000        276.85133916924741       0.19908933652608327        1.0883175238578020        9.4466408848943099E-007
  0.59999999999999998        276.84707171921423       0.19910700735896722        1.0883641644134685        9.4524034989191405E-007
  0.69999999999999996        276.84646410475682       0.19912112389802603        1.0884014192764877        9.4570091844167554E-007
  0.80000000000000004        276.84638284008821       0.19913375233646413        1.0884347435486443        9.4611309845618601E-007
   1.0000000000000000        276.84637526033578       0.19916156856781009        1.0885081346163963        9.4702153480221122E-007
   2.5000000000000001E-002   278.25827836647136       0.19876530980074580        1.0874611836717836        9.3415038304738355E-007
   5.0000000000000003E-002   279.04384578029169       0.19880492710693531        1.0875659967460480        9.3543045743559519E-007
  0.10000000000000001        279.42115852995659       0.19887114494101157        1.0877411153864178        9.3757336746807844E-007
  0.14999999999999999        278.95957645296380       0.19892295405047147        1.0878780680545361        9.3925291269099923E-007
  0.20000000000000001        278.28515062169180       0.19896365295027704        1.0879856144254985        9.4057409001377612E-007
  0.25000000000000000        277.71028955343729       0.19899595702114015        1.0880709540984805        9.4162388250828037E-007
  0.29999999999999999        277.31711446492233       0.19902187598488155        1.0881394108297509        9.4246690050969358E-007
  0.34999999999999998        277.08111919412852       0.19904289043741610        1.0881949040429144        9.4315087189692997E-007
  0.40000000000000002        276.95032337667982       0.19906013030345263        1.0882404230876037        9.4371230596093359E-007
  0.50000000000000000        276.86818592745317       0.19908598647787479        1.0883086810107372        9.4455487432690148E-007
  0.59999999999999998        276.85042895555256       0.19910503970461604        1.0883589712757782        9.4517616809566276E-007
  0.69999999999999996        276.84705259208658       0.19912022903907634        1.0883990577777864        9.4567171693356975E-007
  0.80000000000000004        276.84645458678762       0.19913362011750066        1.0884343946620005        9.4610878216209259E-007
   1.0000000000000000        276.84637858145982       0.19915824463819998        1.0884993654824593        9.4691294105824752E-007
   2.5000000000000001E-002   276.23932642746200       0.19873172133798750        1.0873722962312946        9.3306627928005512E-007
   5.0000000000000003E-002   277.12722482755987       0.19877241233461923        1.0874799767109178        9.3437976277043138E-007
  0.10000000000000001        278.14740115535972       0.19884271655347538        1.0876659448204247        9.3665286824411764E-007
  0.14999999999999999        278.39320944347332       0.19889966496835365        1.0878165120958945        9.3849761054730621E-007
  0.20000000000000001        278.19817472922574       0.19894528815874812        1.0879370897576430        9.3997773133401718E-007
  0.25000000000000000        277.84386340921293       0.19898171860556668        1.0880333421489157        9.4116105026410926E-007
  0.29999999999999999        277.49936684021708       0.19901089592220880        1.0881104121037752        9.4210969370421140E-007
  0.34999999999999998        277.23343980939148       0.19903444116221891        1.0881725929572097        9.4287581674269178E-007
  0.40000000000000002        277.05391309658103       0.19905364975884413        1.0882233129632077        9.4350122683697639E-007
  0.50000000000000000        276.90255968711574       0.19908216052332975        1.0882985816800284        9.4443015844653167E-007
  0.59999999999999998        276.85958459064074       0.19910284854807475        1.0883531881687361        9.4510470039100742E-007
  0.69999999999999996        276.84912736428015       0.19911908107324819        1.0883960283163772        9.4563425703678681E-007
  0.80000000000000004        276.84678666208265       0.19913287801542451        1.0884324364681983        9.4608455651820144E-007
   1.0000000000000000        276.84639900708100       0.19915526068089698        1.0884914930707388        9.4681546337155721E-007
   2.5000000000000001E-002   274.88907110707265       0.19870250155692656        1.0872949516335346        9.3212405397329543E-007
   5.0000000000000003E-002   275.81150510571808       0.19874377810318591        1.0874042054595139        9.3345530059484582E-007
  0.10000000000000001        277.07420380435792       0.19881641776252754        1.0875963910164406        9.3580201217520696E-007
  0.14999999999999999        277.69208647973755       0.19887672212170052        1.0877558607230129        9.3775404489818780E-007
  0.20000000000000001        277.85352970333560       0.19892609755937232        1.0878863759150310        9.3935490148112567E-007
  0.25000000000000000        277.75277592652503       0.19896616791231911        1.0879922591022975        9.4065578337461807E-007
  0.29999999999999999        277.54482239772210       0.19899857126579631        1.0880778594033091        9.4170888196262727E-007
  0.34999999999999998        277.32776524673369       0.19902481667505795        1.0881471768874060        9.4256258759978255E-007
  0.40000000000000002        277.14908734856948       0.19904620935497042        1.0882036675607325        9.4325893369044126E-007
  0.50000000000000000        276.94916199500983       0.19907773866606759        1.0882869089890124        9.4428603526080193E-007
  0.59999999999999998        276.87606111929068       0.19910027311371187        1.0883463907174684        9.4502070481871122E-007
  0.69999999999999996        276.85385837755359       0.19911756296352157        1.0883920220116010        9.4558472072033815E-007
  0.80000000000000004        276.84775769675838       0.19913169533965741        1.0884293157046159        9.4604594960688868E-007
   1.0000000000000000        276.84647656000010       0.19915251422210078        1.0884842470821068        9.4672575168637229E-007
   2.5000000000000001E-002   273.65321417840869       0.19867603893400654        1.0872248905226292        9.3127143805354532E-007
   5.0000000000000003E-002   274.66130711554007       0.19871770961619145        1.0873352094066115        9.3261435375654362E-007
  0.10000000000000001        276.12825299511007       0.19879195297499175        1.0875316753264135        9.3501108544259030E-007
  0.14999999999999999        276.99623204357971       0.19885468664175882        1.0876975981838553        9.3704036050053312E-007
  0.20000000000000001        277.41371803447834       0.19890697028289975        1.0878358221186453        9.3873447768546144E-007
  0.25000000000000000        277.52964591385432       0.19895008606531897        1.0879497677515655        9.4013350225526904E-007
  0.29999999999999999        277.47415839348844       0.19898540212426113        1.0880430728541379        9.4128076764176658E-007
  0.34999999999999998        277.34526492297545       0.19901425660050767        1.0881192880261976        9.4221901204625085E-007
  0.40000000000000002        277.20590683031173       0.19903787574986906        1.0881816624719529        9.4298761700313157E-007
  0.50000000000000000        276.99587646149803       0.19907267752881791        1.0882735482682666        9.4412109885717889E-007
  0.59999999999999998        276.89816013485205       0.19909724630647405        1.0883384017705044        9.4492199626259176E-007
  0.69999999999999996        276.86180951676840       0.19911566174336084        1.0883870046104867        9.4552268653767144E-007
  0.80000000000000004        276.84981885153155       0.19913017510895759        1.0884253041834551        9.4599632563138380E-007
   1.0000000000000000        276.84668723866912       0.19914993172864243        1.0884774335469642        9.4664140247164956E-007
   2.5000000000000001E-002   272.68032259015524       0.19865157593394586        1.0871601110850353        9.3048384208660199E-007
   5.0000000000000003E-002   273.61134299768725       0.19869353656649660        1.0872712179399304        9.3183513062401433E-007
  0.10000000000000001        275.22487099187350       0.19876898396449608        1.0874709054972691        9.3426903591229557E-007
  0.14999999999999999        276.30125089366192       0.19883359680272289        1.0876418268935568        9.3635773819733258E-007
  0.20000000000000001        276.92872532013757       0.19888821620607422        1.0877862476258644        9.3812649920797894E-007
  0.25000000000000000        277.23083226817340       0.19893388892793132        1.0879069665797971        9.3960772738777025E-007
  0.29999999999999999        277.32171309205097       0.19897177080033607        1.0880070618076838        9.4083780344837326E-007
  0.34999999999999998        277.29399373786163       0.19900303665171160        1.0880896540259082        9.4185408451895075E-007
  0.40000000000000002        277.21489075486721       0.19902880722279218        1.0881577152349717        9.4269244927042090E-007
  0.50000000000000000        277.03159211849209       0.19906698040666942        1.0882585080239966        9.4393546591823791E-007
  0.59999999999999998        276.92191207102348       0.19909373104982339        1.0883291233829986        9.4480736972258346E-007
  0.69999999999999996        276.87250512229838       0.19911337398107964        1.0883809670130369        9.4544804463035597E-007
  0.80000000000000004        276.85328382672026       0.19912836632110023        1.0884205311699400        9.4593728535578397E-007
   1.0000000000000000        276.84713599465209       0.19914745694004646        1.0884709040512379        9.4656057713071804E-007
   2.5000000000000001E-002   278.04076670622459       0.19861137891478819        1.0870536411196732        9.2919091909827331E-007
   5.0000000000000003E-002   276.51023429874959       0.19864692546132126        1.0871477950139525        9.3033418268062107E-007
  0.10000000000000001        275.70073322120845       0.19872167119835676        1.0873456954887608        9.3274210924135500E-007
  0.14999999999999999        276.01954034489398       0.19878978717908516        1.0875259456614621        9.3494109454756310E-007
  0.20000000000000001        276.52964328879136       0.19884885985884840        1.0876821903601535        9.3685172045308742E-007
  0.25000000000000000        276.91138358077905       0.19889910522906715        1.0878150325020448        9.3847946369643264E-007
  0.29999999999999999        277.11721510577854       0.19894140078257785        1.0879268174143963        9.3985153826192658E-007
  0.34999999999999998        277.18785964135287       0.19897677934760916        1.0880202937494103        9.4100054075028095E-007
  0.40000000000000002        277.17795946451565       0.19900627710693386        1.0880982129362400        9.4195946754243394E-007
  0.50000000000000000        277.04940211534216       0.19905063418798491        1.0882153508797674        9.4340301982512485E-007
  0.59999999999999998        276.94289615050684       0.19908187904403452        1.0882978386506992        9.4442098353040790E-007
  0.69999999999999996        276.88460883738088       0.19910459776781922        1.0883578048821740        9.4516175332317730E-007
  0.80000000000000004        276.85816867687669       0.19912163511146019        1.0884027683421391        9.4571760097325473E-007
   1.0000000000000000        276.84793265894382       0.19914489804319530        1.0884641525159335        9.4647701105749289E-007
   2.5000000000000001E-002   282.13514792195377       0.19852804356655007        1.0868328077552873        9.2651535632312830E-007
   5.0000000000000003E-002   280.29743651172248       0.19855750771235417        1.0869109017163681        9.2746057822128868E-007
  0.10000000000000001        277.90337609561846       0.19862364457234438        1.0870861326229460        9.2958527681851527E-007
  0.14999999999999999        276.91346902912449       0.19869211362050709        1.0872674507205360        9.3178927901566374E-007
  0.20000000000000001        276.71064219184501       0.19875724645573628        1.0874398471434521        9.3389003178982838E-007
  0.25000000000000000        276.81470960354909       0.19881599708587505        1.0875952783186726        9.3578840721140469E-007
  0.29999999999999999        276.96697054488237       0.19886734626748226        1.0877310718356252        9.3745032329390246E-007
  0.34999999999999998        277.06988409614087       0.19891143722885890        1.0878476290030668        9.3887933887394830E-007
  0.40000000000000002        277.10938829433218       0.19894894717850173        1.0879467583971700        9.4009652466427098E-007
  0.50000000000000000        277.04711237402665       0.19900689823168685        1.0880998534692572        9.4197966832550341E-007
  0.59999999999999998        276.95748822484092       0.19904861353437026        1.0882100155988406        9.4333721881277231E-007
  0.69999999999999996        276.89638093060887       0.19907928715023299        1.0882909966769729        9.4433650342434304E-007
  0.80000000000000004        276.86415689461973       0.19910283262111522        1.0883531461324529        9.4510418092734478E-007
   1.0000000000000000        276.84916158949267       0.19914090031021447        1.0884536044153463        9.4634646942947170E-007
   2.5000000000000001E-002   281.55530261400679       0.19846139924877834        1.0866561047069341        9.2438041525184449E-007
   5.0000000000000003E-002   280.98907487612655       0.19850031397601112        1.0867592953440766        9.2562653165499213E-007
  0.10000000000000001        279.32300116089579       0.19857199571947085        1.0869492954466786        9.2792566154653166E-007
  0.14999999999999999        278.04167677770761       0.19864048902254849        1.0871307483704447        9.3012708205347550E-007
  0.20000000000000001        277.33659267177916       0.19870580842851560        1.0873037057587347        9.3223064702032863E-007
  0.25000000000000000        277.05718415429794       0.19876650966694615        1.0874643585434867        9.3418912992137252E-007
  0.29999999999999999        277.00160092841918       0.19882135700417283        1.0876094551410538        9.3596176318965524E-007
  0.34999999999999998        277.02493159924893       0.19886979760522333        1.0877375531138509        9.3752972386016837E-007
  0.40000000000000002        277.05164254295477       0.19891189273971183        1.0878488329720326        9.3889411197346802E-007
  0.50000000000000000        277.03120449691465       0.19897852365557878        1.0880249018709585        9.4105722230650800E-007
  0.59999999999999998        276.96420847058579       0.19902726197429321        1.0881536345380498        9.4264216148979387E-007
  0.69999999999999996        276.90621916493654       0.19906349280512664        1.0882493005344516        9.4382184257876258E-007
  0.80000000000000004        276.87067791314223       0.19909173178354728        1.0883238462854470        9.4474218235049043E-007
   1.0000000000000000        276.85085679563758       0.19913547429610695        1.0884392872579036        9.4616931344378746E-007
   2.5000000000000001E-002   278.10774929080122       0.19843792423675047        1.0865938411022629        9.2362939843286492E-007
   5.0000000000000003E-002   278.69251766702041       0.19848044969809253        1.0867066247884636        9.2499026413933594E-007
  0.10000000000000001        278.84645923434761       0.19855891918906676        1.0869146423638156        9.2750587964744610E-007
  0.14999999999999999        278.36309589448257       0.19863009805621931        1.0871032265783280        9.2979282259015208E-007
  0.20000000000000001        277.80022980424400       0.19869524671745475        1.0872757454749600        9.3189023939289050E-007
  0.25000000000000000        277.39662188309524       0.19875487247127005        1.0874335650634674        9.3381339181338799E-007
  0.29999999999999999        277.17694487641432       0.19880895652738492        1.0875766553838753        9.3556073593181169E-007
  0.34999999999999998        277.08211118584234       0.19885735385214282        1.0877046508908865        9.3712672132661754E-007
  0.40000000000000002        277.04625684440714       0.19890005972485181        1.0878175555766749        9.3851040880605196E-007
  0.50000000000000000        277.01708914351661       0.19896919726384812        1.0880002626591334        9.4075419366783182E-007
  0.59999999999999998        276.96531336183472       0.19902058649715682        1.0881360053722258        9.4242494449857442E-007
  0.69999999999999996        276.91338437916249       0.19905907817922797        1.0882376452950560        9.4367803426747438E-007
  0.80000000000000004        276.87709528957282       0.19908885842303048        1.0883162618620896        9.4464850130010874E-007
   1.0000000000000000        276.85299194310500       0.19913007410573091        1.0884250376587405        9.4599302872265891E-007
   2.5000000000000001E-002   276.53596680065334       0.19842061613814779        1.0865479271620344        9.2307600858635898E-007
   5.0000000000000003E-002   277.17398399280603       0.19846360494119122        1.0866619543766263        9.2445100697013356E-007
  0.10000000000000001        277.87707644936603       0.19854378159638492        1.0868745231566452        9.2702013632017799E-007
  0.14999999999999999        278.00158209174850       0.19861667247237233        1.0870676640256092        9.2936109670025057E-007
  0.20000000000000001        277.82052760460545       0.19868289770605371        1.0872430508040847        9.3149236114930112E-007
  0.25000000000000000        277.55737774915161       0.19874296408591210        1.0874020511865821        9.3342903130499199E-007
  0.29999999999999999        277.33278322321019       0.19879720119584174        1.0875455592326755        9.3518070802382816E-007
  0.34999999999999998        277.18100658032176       0.19884581894063960        1.0876741489594126        9.3675328468258343E-007
  0.40000000000000002        277.09011549614382       0.19888901093432285        1.0877883485511559        9.3815225625341055E-007
  0.50000000000000000        277.01746086215542       0.19896004422634841        1.0879760797459999        9.4045687864166599E-007
  0.59999999999999998        276.96580865105290       0.19901374222977314        1.0881179295308554        9.4220227955605708E-007
  0.69999999999999996        276.91847345732879       0.19905425090504014        1.0882249001621938        9.4352080519320104E-007
  0.80000000000000004        276.88297178170808       0.19908521804240201        1.0883066526032998        9.4452982425743385E-007
   1.0000000000000000        276.85549299754496       0.19912492436755325        1.0884114483936556        9.4582494594791761E-007
   2.5000000000000001E-002   275.49711311157148       0.19840488926919039        1.0865062026220680        9.2257342090360533E-007
   5.0000000000000003E-002   276.17137929712896       0.19844805383155234        1.0866207095364151        9.2395340228422933E-007
  0.10000000000000001        277.07812529435245       0.19852893146921904        1.0868351613719480        9.2654382857198166E-007
  0.14999999999999999        277.50468331312999       0.19860273125425384        1.0870307318192907        9.2891297087426193E-007
  0.20000000000000001        277.60333053512676       0.19866982345573042        1.0872084327085740        9.3107127431285570E-007
  0.25000000000000000        277.52558878548865       0.19873059477888341        1.0873693145511982        9.3302993701400227E-007
  0.29999999999999999        277.38610659221524       0.19878539994013533        1.0875143388292454        9.3479932815711109E-007
  0.34999999999999998        277.25083158354369       0.19883455552453472        1.0876443623897407        9.3638876026486046E-007
  0.40000000000000002        277.14556628613462       0.19887836468924289        1.0877602033387801        9.3780726291759516E-007
  0.50000000000000000        277.03247116536608       0.19895106102502214        1.0879523439302272        9.4016515841728214E-007
  0.59999999999999998        276.96979943840211       0.19900674705068860        1.0880994541662521        9.4197475144575377E-007
  0.69999999999999996        276.92296518600335       0.19904901179444198        1.0882110671607341        9.4335018753175445E-007
  0.80000000000000004        276.88824652658980       0.19908101345929871        1.0882955537308714        9.4439276997025468E-007
   1.0000000000000000        276.85827111360612       0.19911991656276243        1.0883982331609432        9.4566152022356817E-007
   2.5000000000000001E-002   274.55240371196936       0.19891705903950949        1.0878624878233176        9.3906167898745888E-007
   5.0000000000000003E-002   275.30081636527672       0.19875880701080806        1.0874439766508794        9.3394041453490356E-007
  0.10000000000000001        276.37452310203253       0.19862737772612307        1.0870960210831131        9.2970533121807777E-007
  0.14999999999999999        277.00039627853738       0.19862308235439111        1.0870846433835128        9.2956719761307914E-007
  0.20000000000000001        277.29744980610479       0.19866598735329966        1.0871982748013873        9.3094775452152418E-007
  0.25000000000000000        277.38078713746057       0.19872044242920242        1.0873424430403431        9.3270248155479555E-007
  0.29999999999999999        277.34747036067131       0.19877411554658564        1.0874844831966362        9.3443477596787580E-007
  0.34999999999999998        277.26713528114408       0.19882350869243673        1.0876151461306671        9.3603136301821012E-007
  0.40000000000000002        277.18143010659765       0.19886792012951776        1.0877325891238185        9.3746891057669879E-007
  0.50000000000000000        277.05323216758592       0.19894219079279410        1.0879289050309264        9.3987718261830898E-007
  0.59999999999999998        276.97804021435269       0.19899963145151800        1.0880806597549502        9.4174335467055168E-007
  0.69999999999999996        276.92816296832927       0.19904343603136410        1.0881963446849678        9.4316863535389425E-007
  0.80000000000000004        276.89317666863894       0.19907638640575806        1.0882833392537423        9.4424196430615219E-007
   1.0000000000000000        276.86125729741559       0.19911497642272835        1.0883851960024935        9.4550032632654614E-007
   2.5000000000000001E-002   273.70744659838942       0.19919584892483189        1.0885985596678549        9.4814210493460019E-007
   5.0000000000000003E-002   274.44707306484645       0.19909917430511198        1.0883434905460214        9.4498487006446314E-007
  0.10000000000000001        275.67944539218803       0.19888993596131763        1.0877907939153748        9.3818223702626757E-007
  0.14999999999999999        276.48349893438353       0.19877251667268048        1.0874802527780332        9.3438313277659921E-007
  0.20000000000000001        276.94687037096492       0.19873447937005395        1.0873795958473997        9.3315525720080740E-007
  0.25000000000000000        277.17090849683353       0.19874430215602201        1.0874055923430428        9.3347221272726845E-007
  0.29999999999999999        277.24344462678255       0.19877707652563467        1.0874923174390176        9.3453042122452528E-007
  0.34999999999999998        277.23258412292751       0.19881790012062373        1.0876003118537712        9.3584995397277313E-007
  0.40000000000000002        277.18564106838051       0.19885925490147033        1.0877096776084560        9.3718827899866142E-007
  0.50000000000000000        277.07016742586165       0.19893359338442149        1.0879061855532630        9.3959813609189914E-007
  0.59999999999999998        276.98851822812554       0.19899242900220557        1.0880616349211480        9.4150918302389095E-007
  0.69999999999999996        276.93449755401230       0.19903758884217929        1.0881809048605728        9.4297827735400026E-007
  0.80000000000000004        276.89810744995691       0.19907142949360904        1.0882702535451483        9.4408043066762803E-007
   1.0000000000000000        276.86441869538299       0.19911005192446668        1.0883721996405753        9.4533966617825456E-007
