     0  98.251985 247.991806  -3.909329   1.069494  11.511353   0.000000   0.000000  11.511353   0.000000 276.272709 276.829224   0.199162   0.199166 277.193970   0.199161
     1 113.772216 248.261375  11.437759  -4.411659   8.058851   0.000000   0.000000   8.058851  -3.895603 276.788843 276.829133   0.199156   0.199165 277.542808   0.199156
     2 129.683878 247.963975  21.477651   0.328615  11.304937   0.000000   0.000000  11.304937  -0.282029 277.158775 276.840033   0.199150   0.199164 277.790953   0.199151
     3 145.892212 248.069954  32.817977   5.146201  13.522232   0.000000   0.000000  13.522232   2.231200 277.562349 276.861893   0.199145   0.199162 278.078538   0.199146
     4 162.316619 248.406562  44.389712  10.606610  16.025770   0.000000   0.000000  16.025770   4.903190 277.971323 276.893894   0.199139   0.199160 278.368629   0.199142
     5 178.888047 248.892309  56.189934  16.281056  18.731700   0.000000   0.000000  18.731700   7.542003 278.380912 276.935190   0.199133   0.199158 278.642750   0.199138
     6 195.546888 249.479483  68.147016  21.983669  21.495586   0.000000   0.000000  21.495586  10.120056 278.795716 276.985192   0.199128   0.199155 278.886278   0.199134
     7 212.241288 250.170830  80.200160  27.784014  24.515888   0.000000   0.000000  24.515888  12.673671 279.207764 277.043152   0.199122   0.199152 279.081305   0.199130
     8 228.925799 250.919585  92.305448  33.605438  27.668721   0.000000   0.000000  27.668721  15.152285 279.615864 277.108380   0.199117   0.199149 279.264519   0.199126
     9 245.560294 251.766914 104.476592  39.220692  31.003157   0.000000   0.000000  31.003157  17.552384 280.024275 277.180397   0.199111   0.199145 279.455134   0.199122
    10 262.109094 252.674797 116.627822  44.824371  34.522389   0.000000   0.000000  34.522389  19.907146 280.428303 277.258635   0.199105   0.199141 279.650267   0.199119
    11 278.540260 253.676680 128.788753  50.126787  38.194787   0.000000   0.000000  38.194787  22.187675 280.833735 277.342765   0.199100   0.199136 279.857816   0.199115
    12 294.825024 254.755668 140.892045  55.294845  42.051397   0.000000   0.000000  42.051397  24.436788 281.237980 277.432415   0.199094   0.199131 280.075674   0.199112
    13 310.937318 255.904842 152.922695  60.267207  46.063878   0.000000   0.000000  46.063878  26.638952 281.640951 277.527248   0.199089   0.199126 280.303202   0.199109
    14 326.853391 257.120117 164.858214  65.032822  50.226734   0.000000   0.000000  50.226734  28.795922 282.042420 277.626953   0.199083   0.199120 280.539990   0.199105
    15 342.551494 258.385955 176.667318  69.637240  54.533959   0.000000   0.000000  54.533959  30.908270 282.440471 277.731191   0.199078   0.199113 280.783457   0.199102
    16 358.011615 259.689845 188.331428  74.074066  58.964296   0.000000   0.000000  58.964296  32.964956 282.833825 277.839617   0.199072   0.199106 281.031531   0.199099
    17 373.215268 261.015625 199.826632  78.374819  63.500082   0.000000   0.000000  63.500082  34.959458 283.220586 277.951856   0.199067   0.199099 281.281467   0.199096
    18 388.145307 262.350460 211.136511  82.541659  68.115254   0.000000   0.000000  68.115254  36.881112 283.599423 278.067527   0.199061   0.199090 281.531119   0.199092
    19 402.785774 263.684208 222.245518  86.580486  72.788054   0.000000   0.000000  72.788054  38.723275 283.969279 278.186249   0.199055   0.199082 281.778816   0.199089
    20 417.121775 265.007947 233.138876  90.499600  77.497977   0.000000   0.000000  77.497977  40.481207 284.329237 278.307643   0.199050   0.199072 282.023107   0.199086
    21 431.139368 266.314763 243.803859  94.301878  82.225234   0.000000   0.000000  82.225234  42.151156 284.678644 278.431341   0.199044   0.199063 282.262895   0.199083
    22 444.825472 267.599034 254.228425  97.991101  86.952333   0.000000   0.000000  86.952333  43.731122 285.016993 278.556984   0.199039   0.199052 282.497311   0.199079
    23 458.167792 268.856692 264.401942 101.567358  91.662837   0.000000   0.000000  91.662837  45.220067 285.343984 278.684233   0.199033   0.199041 282.725755   0.199076
    24 476.381544 270.084908 278.495966 105.030027  96.443060   0.000000   0.000000  96.443060  46.618257 285.743775 278.815287   0.199027   0.199030 282.953184   0.199073
    25 489.031768 271.281801 287.729535 110.878024 102.437515   0.000000   0.000000 102.437515  48.499419 286.030464 278.946569   0.199022   0.199017 283.167546   0.199070
    26 501.303995 272.492211 297.247792 113.374532 106.754856   0.000000   0.000000 106.754856  49.587267 286.331823 279.078663   0.199016   0.199004 283.384295   0.199067
    27 513.188552 273.646201 306.320994 116.651479 111.439451   0.000000   0.000000 111.439451  50.772122 286.613676 279.211061   0.199010   0.198991 283.589990   0.199063
    28 524.676294 274.766148 315.139849 119.566042 115.910205   0.000000   0.000000 115.910205  51.818300 286.885857 279.343589   0.199005   0.198977 283.788945   0.199060
    29 535.758573 275.848299 323.643605 122.426936 120.324151   0.000000   0.000000 120.324151  52.795872 287.146146 279.476010   0.198999   0.198963 283.980480   0.199057
    30 546.427216 276.895345 331.840317 125.146580 124.630433   0.000000   0.000000 124.630433  53.690950 287.395526 279.608128   0.198993   0.198948 284.165146   0.199053
    31 556.674497 277.907849 339.719718 127.746209 128.835590   0.000000   0.000000 128.835590  54.511781 287.634066 279.739758   0.198987   0.198932 284.343093   0.199050
    32 566.493120 278.886718 347.276926 130.217982 132.929764   0.000000   0.000000 132.929764  55.260155 287.862051 279.870729   0.198981   0.198916 284.514537   0.199047
    33 575.876204 279.832657 354.506041 132.562365 136.907464   0.000000   0.000000 136.907464  55.939255 288.079687 280.000884   0.198976   0.198900 284.679652   0.199043
    34 584.817264 280.746383 361.401886 134.777906 140.762061   0.000000   0.000000 140.762061  56.551616 288.287181 280.130078   0.198970   0.198883 284.838615   0.199040
    35 593.310204 281.628615 367.959544 136.863877 144.487493   0.000000   0.000000 144.487493  57.099724 288.484728 280.258173   0.198964   0.198866 284.991598   0.199036
    36 601.349298 282.480094 374.174472 138.819459 148.077956   0.000000   0.000000 148.077956  57.585887 288.672514 280.385044   0.198958   0.198848 285.138776   0.199033
    37 608.929187 283.301583 380.042464 140.673458 151.541662   0.000000   0.000000 151.541662  58.012289 288.849912 280.510548   0.198952   0.198830 285.280435   0.199030
    38 616.044869 284.094566 385.564568 142.392604 154.854674   0.000000   0.000000 154.854674  58.375548 289.017433 280.634565   0.198946   0.198811 285.416864   0.199026
    39 622.691687 284.859789 390.735387 143.984657 158.018421   0.000000   0.000000 158.018421  58.680072 289.175234 280.756982   0.198939   0.198792 285.548218   0.199023
    40 628.865330 285.598135 395.551752 145.446251 161.027661   0.000000   0.000000 161.027661  58.927767 289.323536 280.877693   0.198933   0.198773 285.674670   0.199019
    41 634.561822 286.310392 400.010326 146.776934 163.879255   0.000000   0.000000 163.879255  59.120902 289.462520 280.996604   0.198927   0.198753 285.796376   0.199015
    42 639.777518 286.997313 404.108192 147.975456 166.569817   0.000000   0.000000 166.569817  59.261414 289.592358 281.113625   0.198921   0.198733 285.913483   0.199012
    43 644.509101 287.659591 407.842661 149.040798 169.096347   0.000000   0.000000 169.096347  59.351134 289.713211 281.228674   0.198915   0.198713 286.026125   0.199008
    44 648.753579 288.297871 411.211302 149.971915 171.456058   0.000000   0.000000 171.456058  59.391761 289.825228 281.341673   0.198908   0.198692 286.134423   0.199005
    45 652.508280 288.912740 414.211927 150.767805 173.646433   0.000000   0.000000 173.646433  59.384886 289.928550 281.452550   0.198902   0.198672 286.238487   0.199001
    46 655.770848 289.504741 416.842584 151.427490 175.665225   0.000000   0.000000 175.665225  59.331997 290.023310 281.561239   0.198895   0.198651 286.338417   0.198997
    47 658.539247 290.074366 419.101561 151.950015 177.510466   0.000000   0.000000 177.510466  59.234495 290.109632 281.667676   0.198889   0.198629 286.434301   0.198994
    48 660.811751 290.622070 420.987385 152.334451 179.180483   0.000000   0.000000 179.180483  59.093688 290.187631 281.771802   0.198882   0.198608 286.526219   0.198990
    49 662.586950 291.148264 422.498823 152.579898 180.673919   0.000000   0.000000 180.673919  58.910805 290.257417 281.873561   0.198876   0.198586 286.614240   0.198986
    50 663.863741 291.653322 423.634889 152.685469 181.989734   0.000000   0.000000 181.989734  58.686988 290.319086 281.972901   0.198869   0.198564 286.698429   0.198983
    51 664.641335 292.137588 424.394846 152.650286 183.127190   0.000000   0.000000 183.127190  58.423295 290.372729 282.069771   0.198862   0.198542 286.778839   0.198979
    52 664.919250 292.601374 424.778211 152.473488 184.085837   0.000000   0.000000 184.085837  58.120709 290.418430 282.164124   0.198856   0.198520 286.855519   0.198975
    53 664.697315 293.044968 424.784755 152.154227 184.865480   0.000000   0.000000 184.865480  57.780137 290.456261 282.255915   0.198849   0.198498 286.928512   0.198972
    54 663.975667 293.468640 424.414504 151.691686 185.466169   0.000000   0.000000 185.466169  57.402422 290.486293 282.345101   0.198842   0.198476 286.997855   0.198968
    55 662.754752 293.872639 423.667739 151.085095 185.888163   0.000000   0.000000 185.888163  56.988346 290.508588 282.431639   0.198835   0.198453 287.063583   0.198964
    56 661.035327 294.257202 422.544990 150.333755 186.131922   0.000000   0.000000 186.131922  56.538642 290.523204 282.515491   0.198828   0.198431 287.125725   0.198960
    57 658.818456 294.622547 421.047041 149.437055 186.198079   0.000000   0.000000 186.198079  56.053993 290.530194 282.596617   0.198821   0.198409 287.184305   0.198957
    58 656.105517 294.968877 419.174921 148.394489 186.087433   0.000000   0.000000 186.087433  55.535041 290.529608 282.674982   0.198814   0.198386 287.239345   0.198953
    59 652.898200 295.296377 416.929904 147.205669 185.800937   0.000000   0.000000 185.800937  54.982387 290.521490 282.750548   0.198807   0.198364 287.290860   0.198949
    60 649.198507 295.605210 414.313511 145.870342 185.339687   0.000000   0.000000 185.339687  54.396594 290.505880 282.823282   0.198800   0.198342 287.338864   0.198946
    61 645.008758 295.895518 411.327504 144.388402 184.704916   0.000000   0.000000 184.704916  53.778188 290.482815 282.893150   0.198792   0.198320 287.383361   0.198942
    62 640.331587 296.167416 407.973891 142.759900 183.897987   0.000000   0.000000 183.897987  53.127657 290.452327 282.960120   0.198785   0.198298 287.424350   0.198938
    63 635.169953 296.420988 404.254917 140.985056 182.920387   0.000000   0.000000 182.920387  52.445452 290.414442 283.024159   0.198778   0.198276 287.461826   0.198934
    64 629.527135 296.656287 400.173075 139.064268 181.773721   0.000000   0.000000 181.773721  51.731986 290.369183 283.085236   0.198770   0.198254 287.495774   0.198931
    65 623.406742 296.873329 395.731101 136.998111 180.459705   0.000000   0.000000 180.459705  50.987630 290.316566 283.143321   0.198763   0.198232 287.526171   0.198927
    66 616.812711 297.072094 390.931981 134.787341 178.980169   0.000000   0.000000 178.980169  50.212719 290.256603 283.198383   0.198755   0.198211 287.552986   0.198924
    67 609.749317 297.252527 385.778953 132.432888 177.337055   0.000000   0.000000 177.337055  49.407544 290.189301 283.250392   0.198748   0.198190 287.576181   0.198920
    68 602.221176 297.414536 380.275515 129.935861 175.532420   0.000000   0.000000 175.532420  48.572361 290.114659 283.299319   0.198740   0.198169 287.595708   0.198916
    69 594.233253 297.557998 374.425431 127.297535 173.568439   0.000000   0.000000 173.568439  47.707384 290.032675 283.345133   0.198733   0.198148 287.611510   0.198913
    70 585.790866 297.682758 368.232735 124.519354 171.447412   0.000000   0.000000 171.447412  46.812794 289.943339 283.387805   0.198725   0.198127 287.623522   0.198909
    71 576.899699 297.788631 361.701744 121.602924 169.171768   0.000000   0.000000 169.171768  45.888737 289.846638 283.427306   0.198717   0.198107 287.631672   0.198906
    72 567.565807 297.875411 354.837063 118.550015 166.744073   0.000000   0.000000 166.744073  44.935327 289.742554 283.463604   0.198710   0.198087 287.635876   0.198902
    73 557.795629 297.942865 347.643599 115.370305 164.171799   0.000000   0.000000 164.171799  43.952648 289.630858 283.496664   0.198702   0.198067 287.636047   0.198899
    74 547.596003 297.990871 340.127794 112.056833 161.451799   0.000000   0.000000 161.451799  42.939357 289.511615 283.526452   0.198694   0.198048 287.632104   0.198895
    75 536.974177 298.019087 332.294633 108.613893 158.588809   0.000000   0.000000 158.588809  41.896135 289.384801 283.552936   0.198686   0.198029 287.623916   0.198892
    76 525.937826 298.027207 324.149931 105.043285 155.585798   0.000000   0.000000 155.585798  40.823060 289.250405 283.576081   0.198678   0.198010 287.611354   0.198888
    77 514.495075 298.014899 315.699775 101.347610 152.446297   0.000000   0.000000 152.446297  39.720268 289.108402 283.595856   0.198670   0.197992 287.594275   0.198885
    78 502.654516 297.981826 306.950673  97.529514 149.173880   0.000000   0.000000 149.173880  38.587823 288.958764 283.612227   0.198662   0.197974 287.572522   0.198882
    79 490.425237 297.927639 297.909527  93.591892 145.772304   0.000000   0.000000 145.772304  37.425757 288.801458 283.625163   0.198654   0.197956 287.545925   0.198878
    80 477.816851 297.851983 288.583669  89.537863 142.245482   0.000000   0.000000 142.245482  36.234071 288.636448 283.634628   0.198646   0.197939 287.514294   0.198875
    81 464.839530 297.754495 278.980879  85.370807 138.597493   0.000000   0.000000 138.597493  35.012740 288.463694 283.640591   0.198638   0.197923 287.477418   0.198872
    82 451.504044 297.634805 269.109420  81.094391 134.832582   0.000000   0.000000 134.832582  33.761719 288.283152 283.643017   0.198630   0.197907 287.435060   0.198869
    83 437.821809 297.492538 258.978071  76.712600 130.955154   0.000000   0.000000 130.955154  32.480939 288.094775 283.641873   0.198622   0.197891 287.386946   0.198866
    84 423.804940 297.327315 248.596169  72.229781 126.969771   0.000000   0.000000 126.969771  31.170316 287.898516 283.637123   0.198614   0.197876 287.332757   0.198862
    85 409.466315 297.138753 237.973662  67.650689 122.881148   0.000000   0.000000 122.881148  29.829748 287.694322 283.628734   0.198606   0.197861 287.272109   0.198859
    86 394.819646 296.926463 227.121163  62.980544 118.694138   0.000000   0.000000 118.694138  28.459119 287.482139 283.616668   0.198597   0.197847 287.204523   0.198856
    87 379.879570 296.690056 216.050023  58.225102 114.413719   0.000000   0.000000 114.413719  27.058299 287.261912 283.600891   0.198589   0.197833 287.129367   0.198853
    88 364.661749 296.429140 204.772411  53.390733 110.044977   0.000000   0.000000 110.044977  25.627146 287.033580 283.581365   0.198581   0.197820 287.045731   0.198851
    89 349.182992 296.143323 193.301414  48.484533 105.593079   0.000000   0.000000 105.593079  24.165504 286.797085 283.558055   0.198573   0.197807 286.952023   0.198848
    90 333.461400 295.832217 181.651152  43.514447 101.063226   0.000000   0.000000 101.063226  22.673209 286.552363 283.530922   0.198564   0.197795 286.843223   0.198845
    91 317.516536 295.495437 169.836919  38.489436  96.460603   0.000000   0.000000  96.460603  21.150082 286.299348 283.499929   0.198556   0.197783 286.718092   0.198842
    92 301.369632 295.132614 157.875358  33.419700  91.790274   0.000000   0.000000  91.790274  19.595930 286.037971 283.465036   0.198548   0.197772 286.578889   0.198840
    93 285.043833 294.743393 145.784663  28.316973  87.057037   0.000000   0.000000  87.057037  18.010543 285.768159 283.426205   0.198540   0.197762 286.426488   0.198837
    94 268.564502 294.327455 133.584843  23.194959  82.265155   0.000000   0.000000  82.265155  16.393677 285.489829 283.383395   0.198531   0.197752 286.261606   0.198834
    95 251.959572 293.884527 121.298043  18.069988  77.417879   0.000000   0.000000  77.417879  14.745041 285.202887 283.336565   0.198523   0.197743 286.084827   0.198832
    96 235.259997 293.414420 108.948951  12.962117  72.516480   0.000000   0.000000  72.516480  13.064259 284.907213 283.285670   0.198515   0.197734 285.896631   0.198829
    97 218.500280 292.917078  96.565335   7.897217  67.558066   0.000000   0.000000  67.558066  11.350797 284.602643 283.230666   0.198506   0.197726 285.697408   0.198827
    98 201.719146 292.392679  84.178769   2.911692  62.529530   0.000000   0.000000  62.529530   9.603837 284.288934 283.171500   0.198498   0.197718 285.487469   0.198825
    99 184.960353 291.841861  71.825683  -1.932448  57.382615   0.000000   0.000000  57.382615   7.822038 283.965732 283.108114   0.198490   0.197712 285.162649   0.198822
   100 168.273713 291.586232  59.859231  -6.134210  43.099028   0.000000   0.000000  43.099028   6.003324 283.820486 283.046060   0.198482   0.197706 285.018029   0.198820
   101 151.716355 291.053995  46.828146  -6.514112  37.638011   0.000000   0.000000  37.638011   5.420984 283.501455 282.979835   0.198473   0.197702 284.757722   0.198818
   102 135.354305 290.546044  34.847652  -8.816248  30.974368   0.000000   0.000000  30.974368   3.651335 283.135429 282.908278   0.198465   0.197698 284.476809   0.198816
   103 119.264457 289.949111  23.227914 -11.016630  25.475366   0.000000   0.000000  25.475366   1.590056 282.702432 282.829735   0.198457   0.197695 284.146179   0.198814
   104 103.537032 289.271900  12.146145 -13.195429  20.385064   0.000000   0.000000  20.385064  -0.891119 282.214309 282.743052   0.198449   0.197693 283.771691   0.198812
   105  88.278616 288.510684   1.620862 -15.216402  15.794718   0.000000   0.000000  15.794718  -3.701199 281.676973 282.647347   0.198440   0.197691 283.355898   0.198810
   106  73.615845 287.670732  -8.274793 -17.056974  11.726881   0.000000   0.000000  11.726881  -6.792616 281.098103 282.542034   0.198432   0.197689 282.903044   0.198809
   107  59.699709 286.756344 -17.457466 -18.688322   8.187079   0.000000   0.000000   8.187079 -10.107518 280.487131 282.426840   0.198424   0.197688 282.418363   0.198807
   108  46.710194 285.766668 -25.833492 -20.061361   5.160473   0.000000   0.000000   5.160473 -13.577963 279.854823 282.301821   0.198416   0.197688 281.911348   0.198805
   109  34.860288 284.708967 -33.280308 -21.235520   2.701567   0.000000   0.000000   2.701567 -17.128988 279.217019 282.167480   0.198408   0.197687 281.395585   0.198804
   110  24.396919 283.595102 -39.666724 -22.273054   0.853547   0.000000   0.000000   0.853547 -20.653223 278.594348 282.024871   0.198400   0.197687 280.887976   0.198802
   111  15.593004 282.433396 -44.864883 -23.205265  -0.346942  -0.000000  -0.000000  -0.346942 -24.013667 278.008995 281.875600   0.198392   0.197687 280.406004   0.198801
   112   8.717989 281.229681 -48.756896 -24.039779  -0.893805  -0.000000  -0.012506  -0.881299 -27.066238 277.484247 281.721808   0.198384   0.197687 279.967426   0.198799
   113   3.963047 279.988473 -51.291451 -24.759560  -0.885123  -0.000000  -0.045593  -0.839530 -29.662925 277.044781 281.566171   0.198376   0.197688 279.591609   0.198798
   114   1.291982 278.714228 -52.603690 -25.362763  -0.610965  -0.000000  -0.083456  -0.527509 -31.649726 276.716959 281.411910   0.198368   0.197688 279.299582   0.198796
   115   0.252888 277.416724 -53.162777 -25.856779  -0.424914  -0.000000  -0.114671  -0.310243 -32.864654 276.507890 281.262174   0.198360   0.197688 279.097154   0.198795
   116   0.033539 276.107361 -53.634929 -26.237429  -0.397377  -0.000000  -0.138320  -0.259056 -33.279985 276.379382 281.118703   0.198352   0.197688 278.954600   0.198794
   117   0.000000 274.798259 -54.334356 -26.503164  -0.411857  -0.000000  -0.159002  -0.252854 -33.175246 276.279886 280.981571   0.198344   0.197688 278.832312   0.198792
   118   0.000000 273.501518 -55.130366 -26.675695  -0.434056  -0.000000  -0.179758  -0.254297 -32.911798 276.186079 280.850195   0.198336   0.197688 278.713209   0.198791
   119   0.000000 272.226799 -55.931882 -26.787425  -0.457157  -0.000000  -0.201906  -0.255251 -32.648811 276.091315 280.723889   0.198328   0.197688 278.593065   0.198790
   120   0.000000 270.979946 -56.702375 -26.863144  -0.482387  -0.000000  -0.225939  -0.256448 -32.428018 275.995374 280.602058   0.198321   0.197688 278.472251   0.198788
   121   0.000000 269.763661 -57.438230 -26.914660  -0.509893  -0.000000  -0.252042  -0.257850 -32.246790 275.899039 280.484217   0.198313   0.197688 278.351620   0.198787
   122   0.000000 268.578444 -58.142590 -26.946515  -0.539644  -0.000000  -0.280323  -0.259321 -32.096243 275.802865 280.369962   0.198305   0.197688 278.231770   0.198786
   123   0.000000 267.424361 -58.817956 -26.963581  -0.571666  -0.000000  -0.310903  -0.260762 -31.969680 275.707331 280.258960   0.198297   0.197688 278.113235   0.198785
   124   0.000000 266.301674 -59.466287 -26.971409  -0.606011  -0.000000  -0.343919  -0.262092 -31.861400 275.612947 280.150937   0.198290   0.197688 277.996543   0.198783
   125   0.000000 265.210553 -60.089748 -26.974138  -0.642734  -0.000000  -0.379497  -0.263236 -31.765935 275.520144 280.045670   0.198282   0.197688 277.882106   0.198782
   126   0.000000 264.150865 -60.690446 -26.973794  -0.681891  -0.000000  -0.417753  -0.264138 -31.678683 275.429198 279.942972   0.198275   0.197688 277.770161   0.198781
   127   0.000000 263.122207 -61.270011 -26.970787  -0.723558  -0.000000  -0.458795  -0.264763 -31.596418 275.340227 279.842685   0.198267   0.197688 277.660779   0.198780
   128   0.000000 262.124009 -61.829508 -26.964434  -0.767828  -0.000000  -0.502727  -0.265101 -31.517207 275.253223 279.744669   0.198259   0.197688 277.553911   0.198779
   129   0.000000 261.155555 -62.369575 -26.953389  -0.814799  -0.000000  -0.549645  -0.265154 -31.440123 275.168092 279.648800   0.198252   0.197688 277.449445   0.198778
   130   0.000000 260.216058 -62.890519 -26.936751  -0.864588  -0.000000  -0.599651  -0.264937 -31.364954 275.084729 279.554964   0.198244   0.197688 277.347283   0.198777
   131   0.000000 259.304850 -63.392481 -26.914864  -0.917330  -0.000000  -0.652865  -0.264465 -31.291649 275.003097 279.463062   0.198237   0.197688 277.247407   0.198775
   132   0.000000 258.421416 -63.875770 -26.888885  -0.973161  -0.000000  -0.709412  -0.263749 -31.219755 274.923237 279.373005   0.198229   0.197688 277.149865   0.198774
   133   0.000000 257.565277 -64.341010 -26.859940  -1.032207  -0.000000  -0.769415  -0.262792 -31.148379 274.845215 279.284716   0.198222   0.197688 277.054714   0.198773
   134   0.000000 256.735888 -64.789018 -26.828633  -1.094579  -0.000000  -0.832983  -0.261596 -31.076508 274.769078 279.198128   0.198215   0.197688 276.961980   0.198772
   135   0.000000 255.932596 -65.220619 -26.794972  -1.160376  -0.000000  -0.900210  -0.260166 -31.003346 274.694829 279.113180   0.198207   0.197688 276.871639   0.198771
   136   0.000000 255.154654 -65.636524 -26.758711  -1.229691  -0.000000  -0.971180  -0.258511 -30.928460 274.622432 279.029818   0.198200   0.197688 276.783643   0.198770
   137   0.000000 254.401297 -66.037300 -26.719819  -1.302623  -0.000000  -1.045980  -0.256643 -30.851703 274.551850 278.947991   0.198193   0.197688 276.697943   0.198769
   138   0.000000 253.671794 -66.423457 -26.678582  -1.379271  -0.000000  -1.124697  -0.254574 -30.772990 274.483060 278.867653   0.198185   0.197688 276.614508   0.198768
   139   0.000000 252.965448 -66.795552 -26.635389  -1.459730  -0.000000  -1.207416  -0.252314 -30.692154 274.416051 278.788761   0.198178   0.197688 276.533314   0.198767
   140   0.000000 252.281551 -67.154206 -26.590473  -1.544081  -0.000000  -1.294208  -0.249873 -30.608968 274.350810 278.711275   0.198171   0.197688 276.454328   0.198766
   141   0.000000 251.619358 -67.500059 -26.543874  -1.632392  -0.000000  -1.385131  -0.247261 -30.523259 274.287308 278.635161   0.198164   0.197688 276.377504   0.198765
   142   0.000000 250.978104 -67.833709 -26.495587  -1.724721  -0.000000  -1.480234  -0.244487 -30.434968 274.225509 278.560383   0.198157   0.197689 276.302789   0.198764
   143   0.000000 250.357031 -68.155707 -26.445670  -1.821121  -0.000000  -1.579558  -0.241563 -30.344118 274.165373 278.486909   0.198149   0.197689 276.230128   0.198763
   144   0.000000 249.755396 -68.466579 -26.394218  -1.921633  -0.000000  -1.683135  -0.238498 -30.250755 274.106863 278.414710   0.198142   0.197689 276.159467   0.198762
   145   0.000000 249.172465 -68.766853 -26.342917  -2.026397  -0.000000  -1.791095  -0.235302 -30.154928 274.050022 278.343757   0.198135   0.197689 276.090833   0.198761
   146   0.000000 248.607393 -69.057534 -26.290767  -2.135397  -0.000000  -1.903420  -0.231978 -30.056141 273.994791 278.274024   0.198128   0.197689 276.024137   0.198760
   147   0.000000 248.059422 -69.339069 -26.237288  -2.248623  -0.000000  -2.020087  -0.228536 -29.954632 273.941092 278.205486   0.198121   0.197689 275.959284   0.198759
   148   0.000000 247.527846 -69.611779 -26.182259  -2.366054  -0.000000  -2.141067  -0.224987 -29.850761 273.888851 278.138115   0.198114   0.197689 275.896189   0.198758
   149   0.000000 247.011985 -69.875981 -26.125550  -2.487656  -0.000000  -2.266315  -0.221341 -29.744852 273.838003 278.071886   0.198107   0.197689 275.834773   0.198757
   150   0.000000 246.511177 -70.132010 -26.067062  -2.613377  -0.000000  -2.395769  -0.217609 -29.637179 273.788488 278.006772   0.198100   0.197689 275.774962   0.198756
   151   0.000000 246.024778 -70.380207 -26.006708  -2.743148  -0.000000  -2.529351  -0.213797 -29.527988 273.740247 277.942748   0.198093   0.197689 275.716683   0.198755
   152   0.000000 245.552161 -70.620904 -25.944410  -2.876878  -0.000000  -2.666963  -0.209915 -29.417511 273.693222 277.879789   0.198086   0.197689 275.659867   0.198754
   153   0.000000 245.092718 -70.854421 -25.880103  -3.014459  -0.000000  -2.808488  -0.205971 -29.305972 273.647356 277.817870   0.198079   0.197689 275.604445   0.198753
   154   0.000000 244.645866 -71.081062 -25.813730  -3.155760  -0.000000  -2.953788  -0.201972 -29.193595 273.602594 277.756965   0.198073   0.197689 275.550350   0.198752
   155   0.000000 244.211041 -71.301114 -25.745249  -3.300629  -0.000000  -3.102704  -0.197925 -29.080598 273.558881 277.697052   0.198066   0.197689 275.497515   0.198751
   156   0.000000 243.787705 -71.514841 -25.674629  -3.448895  -0.000000  -3.255058  -0.193837 -28.967197 273.516161 277.638105   0.198059   0.197689 275.445877   0.198750
   157   0.000000 243.375343 -71.722492 -25.601859  -3.600363  -0.000000  -3.410648  -0.189715 -28.853606 273.474382 277.580100   0.198052   0.197689 275.395373   0.198749
   158   0.000000 242.973465 -71.924295 -25.526938  -3.754816  -0.000000  -3.569250  -0.185566 -28.740030 273.433491 277.523015   0.198045   0.197689 275.345943   0.198748
   159   0.000000 242.581606 -72.120460 -25.449886  -3.912018  -0.000000  -3.730623  -0.181395 -28.626672 273.393437 277.466826   0.198039   0.197689 275.297529   0.198747
   160   0.000000 242.199327 -72.311179 -25.370740  -4.071710  -0.000000  -3.894500  -0.177210 -28.513724 273.354170 277.411510   0.198032   0.197689 275.250075   0.198746
   161   0.000000 241.826211 -72.496624 -25.289552  -4.233614  -0.000000  -4.060598  -0.173016 -28.401377 273.315642 277.357043   0.198025   0.197689 275.203528   0.198745
   162   0.000000 241.461867 -72.676953 -25.206395  -4.397431  -0.000000  -4.228611  -0.168819 -28.289808 273.277805 277.303403   0.198019   0.197689 275.157835   0.198744
   163   0.000000 241.105925 -72.852309 -25.121360  -4.562844  -0.000000  -4.398218  -0.164626 -28.179191 273.240613 277.250569   0.198012   0.197689 275.112947   0.198743
   164   0.000000 240.758038 -73.022819 -25.034553  -4.729520  -0.000000  -4.569079  -0.160440 -28.069688 273.204023 277.198517   0.198005   0.197689 275.068819   0.198742
   165   0.000000 240.417881 -73.188597 -24.946101  -4.897110  -0.000000  -4.740841  -0.156269 -27.961456 273.167991 277.147225   0.197999   0.197689 275.025404   0.198741
   166   0.000000 240.085147 -73.349746 -24.856142  -5.065252  -0.000000  -4.913135  -0.152117 -27.854639 273.133251 277.096697   0.197992   0.197689 274.983141   0.198740
   167   0.000000 239.759546 -73.509829 -24.758074  -5.252813  -0.000000  -5.104295  -0.148519 -27.744118 273.098637 277.046897   0.197986   0.197689 274.941293   0.198740
   168   0.000000 239.441188 -73.663509 -24.662355  -5.428542  -0.000000  -5.283974  -0.144568 -27.637817 273.064463 276.997803   0.197979   0.197689 274.900062   0.198739
   169   0.000000 239.129629 -73.812623 -24.565846  -5.604080  -0.000000  -5.463442  -0.140638 -27.533385 273.030722 276.949396   0.197973   0.197689 274.859422   0.198738
   170   0.000000 238.824599 -73.957406 -24.468517  -5.779016  -0.000000  -5.642283  -0.136733 -27.430717 272.997388 276.901656   0.197966   0.197689 274.819340   0.198737
   171   0.000000 238.525855 -74.097962 -24.370485  -5.952936  -0.000000  -5.820079  -0.132857 -27.329875 272.964424 276.854562   0.197960   0.197689 274.779782   0.198736
   172   0.000000 238.233173 -74.234352 -24.271936  -6.125430  -0.000000  -5.996415  -0.129015 -27.230965 272.931796 276.808095   0.197953   0.197689 274.740714   0.198735
   173   0.000000 237.946339 -74.366625 -24.173079  -6.296096  -0.000000  -6.170882  -0.125213 -27.134095 272.899471 276.762237   0.197947   0.197689 274.702105   0.198734
   174   0.000000 237.665147 -74.494831 -24.074124  -6.464537  -0.000000  -6.343081  -0.121456 -27.039364 272.867417 276.716968   0.197941   0.197689 274.663925   0.198733
   175   0.000000 237.389398 -74.619020 -23.975283  -6.630367  -0.000000  -6.512621  -0.117746 -26.946863 272.835602 276.672271   0.197934   0.197689 274.626144   0.198732
   176   0.000000 237.118896 -74.739243 -23.876761  -6.793215  -0.000000  -6.679126  -0.114090 -26.856677 272.803999 276.628125   0.197928   0.197689 274.588735   0.198732
   177   0.000000 236.853449 -74.855552 -23.778758  -6.952726  -0.000000  -6.842237  -0.110489 -26.768885 272.772578 276.584515   0.197922   0.197689 274.551670   0.198731
   178   0.000000 236.592871 -74.968002 -23.681465  -7.108565  -0.000000  -7.001616  -0.106949 -26.683559 272.741312 276.541421   0.197915   0.197689 274.514923   0.198730
   179   0.000000 236.336976 -75.076650 -23.585062  -7.260418  -0.000000  -7.156947  -0.103471 -26.600768 272.710174 276.498828   0.197909   0.197689 274.478467   0.198729
   180   0.000000 236.085578 -75.181556 -23.489718  -7.407997  -0.000000  -7.307938  -0.100059 -26.520575 272.679139 276.456716   0.197903   0.197689 274.442279   0.198728
   181   0.000000 235.838495 -75.282785 -23.392186  -7.549957  -0.000000  -7.453242  -0.096715 -26.443038 272.648016 276.415066   0.197897   0.197689 274.406158   0.198727
   182   0.000000 235.595729 -75.379478 -23.295226  -7.686439  -0.000000  -7.592990  -0.093449 -26.369347 272.616802 276.373855   0.197890   0.197689 274.370124   0.198726
   183   0.000000 235.357063 -75.471836 -23.199394  -7.817403  -0.000000  -7.727142  -0.090262 -26.299375 272.585507 276.333067   0.197884   0.197689 274.334178   0.198726
   184   0.000000 235.122231 -75.560163 -23.104716  -7.942749  -0.000000  -7.855596  -0.087152 -26.232918 272.554126 276.292682   0.197878   0.197689 274.298307   0.198725
   185   0.000000 234.890973 -75.644687 -23.011180  -8.062378  -0.000000  -7.978256  -0.084121 -26.169891 272.522642 276.252683   0.197872   0.197689 274.262486   0.198724
   186   0.000000 234.663042 -75.725577 -22.918803  -8.176218  -0.000000  -8.095049  -0.081169 -26.110287 272.491036 276.213055   0.197866   0.197689 274.226692   0.198723
   187   0.000000 234.438202 -75.802973 -22.827615  -8.284229  -0.000000  -8.205933  -0.078296 -26.054127 272.459288 276.173779   0.197860   0.197689 274.190897   0.198722
   188   0.000000 234.216227 -75.877006 -22.737638  -8.386400  -0.000000  -8.310899  -0.075501 -26.001435 272.427379 276.134841   0.197854   0.197689 274.155079   0.198721
   189   0.000000 233.996898 -75.947803 -22.648878  -8.482750  -0.000000  -8.409964  -0.072786 -25.952233 272.395290 276.096224   0.197848   0.197689 274.119212   0.198721
   190   0.000000 233.780004 -76.015491 -22.561324  -8.573325  -0.000000  -8.503176  -0.070149 -25.906535 272.363005 276.057912   0.197842   0.197689 274.083276   0.198720
   191   0.000000 233.565341 -76.080195 -22.474949  -8.658196  -0.000000  -8.590607  -0.067589 -25.864351 272.330509 276.019892   0.197836   0.197689 274.047247   0.198719
   192   0.000000 233.352709 -76.142039 -22.389709  -8.737460  -0.000000  -8.672352  -0.065107 -25.825683 272.297787 275.982148   0.197830   0.197689 274.011106   0.198718
   193   0.000000 233.141917 -76.201149 -22.305550  -8.811231  -0.000000  -8.748529  -0.062701 -25.790528 272.264826 275.944666   0.197824   0.197689 273.974832   0.198717
   194   0.000000 232.932778 -76.257646 -22.222403  -8.879644  -0.000000  -8.819274  -0.060370 -25.758879 272.231614 275.907432   0.197818   0.197689 273.938408   0.198716
   195   0.000000 232.725114 -76.311653 -22.140191  -8.942851  -0.000000  -8.884738  -0.058113 -25.730721 272.198141 275.870432   0.197812   0.197689 273.901815   0.198716
   196   0.000000 232.518751 -76.363290 -22.058826  -9.001017  -0.000000  -8.945089  -0.055928 -25.706038 272.164395 275.833653   0.197806   0.197689 273.865036   0.198715
   197   0.000000 232.313523 -76.412675 -21.978216  -9.054318  -0.000000  -9.000504  -0.053814 -25.684806 272.130369 275.797083   0.197800   0.197689 273.828055   0.198714
   198   0.000000 232.109271 -76.459924 -21.898263  -9.102939  -0.000000  -9.051171  -0.051769 -25.666999 272.096054 275.760710   0.197795   0.197689 273.790858   0.198713
   199   0.000000 231.905841 -76.505152 -21.818864  -9.147073  -0.000000  -9.097282  -0.049791 -25.652589 272.061443 275.724520   0.197789   0.197689 273.753430   0.198712
   200   0.000000 231.703088 -76.548469 -21.739916  -9.186915  -0.000000  -9.139036  -0.047879 -25.641540 272.026528 275.688502   0.197783   0.197689 273.715758   0.198712
   201   0.000000 231.500870 -76.589984 -21.661315  -9.222665  -0.000000  -9.176634  -0.046031 -25.633818 271.991306 275.652646   0.197777   0.197689 273.677830   0.198711
   202   0.000000 231.299055 -76.629802 -21.582955  -9.254523  -0.000000  -9.210278  -0.044245 -25.629383 271.955769 275.616940   0.197771   0.197689 273.639634   0.198710
   203   0.000000 231.097517 -76.668024 -21.504736  -9.282687  -0.000000  -9.240168  -0.042519 -25.628194 271.919915 275.581373   0.197766   0.197689 273.601159   0.198709
   204   0.000000 230.896136 -76.704751 -21.426558  -9.307354  -0.000000  -9.266502  -0.040852 -25.630206 271.883740 275.545936   0.197760   0.197689 273.562397   0.198708
   205   0.000000 230.694799 -76.740076 -21.348327  -9.328716  -0.000000  -9.289476  -0.039240 -25.635375 271.847240 275.510619   0.197754   0.197689 273.523337   0.198708
   206   0.000000 230.493399 -76.774092 -21.269950  -9.346961  -0.000000  -9.309278  -0.037683 -25.643653 271.810413 275.475411   0.197749   0.197690 273.483973   0.198707
   207   0.000000 230.291836 -76.806886 -21.191344  -9.362272  -0.000000  -9.326093  -0.036179 -25.654990 271.773256 275.440304   0.197743   0.197690 273.444296   0.198706
   208   0.000000 230.090014 -76.838544 -21.112429  -9.374824  -0.000000  -9.340099  -0.034725 -25.669336 271.735769 275.405289   0.197737   0.197690 273.404301   0.198705
   209   0.000000 229.887847 -76.869145 -21.033133  -9.384785  -0.000000  -9.351465  -0.033320 -25.686639 271.697951 275.370358   0.197732   0.197690 273.363982   0.198704
   210   0.000000 229.685251 -76.898769 -20.953391  -9.392318  -0.000000  -9.360356  -0.031962 -25.706844 271.659801 275.335501   0.197726   0.197690 273.323333   0.198704
   211   0.000000 229.482150 -76.927489 -20.873144  -9.397575  -0.000000  -9.366926  -0.030649 -25.729899 271.621320 275.300712   0.197721   0.197690 273.282352   0.198703
   212   0.000000 229.278472 -76.955377 -20.792341  -9.400702  -0.000000  -9.371322  -0.029380 -25.755745 271.582507 275.265982   0.197715   0.197690 273.241034   0.198702
   213   0.000000 229.074153 -76.982500 -20.710940  -9.401837  -0.000000  -9.373685  -0.028152 -25.784327 271.543364 275.231305   0.197710   0.197690 273.199377   0.198701
   214   0.000000 228.869130 -77.008924 -20.628904  -9.401110  -0.000000  -9.374146  -0.026964 -25.815587 271.503892 275.196673   0.197704   0.197690 273.157380   0.198701
   215   0.000000 228.663349 -77.034712 -20.546207  -9.398644  -0.000000  -9.372828  -0.025815 -25.849465 271.464094 275.162080   0.197699   0.197690 273.115041   0.198700
   216   0.000000 228.456759 -77.059923 -20.462828  -9.394552  -0.000000  -9.369849  -0.024703 -25.885900 271.423971 275.127518   0.197693   0.197690 273.072359   0.198699
   217   0.000000 228.249312 -77.084614 -20.386283  -9.392403  -0.000000  -9.368776  -0.023627 -25.924830 271.383913 275.092995   0.197688   0.197690 273.029753   0.198698
   218   0.000000 228.040576 -77.110919 -20.310583  -9.390433  -0.000000  -9.367854  -0.022579 -25.963570 271.343877 275.058512   0.197682   0.197690 272.987129   0.198698
   219   0.000000 227.830601 -77.138601 -20.234953  -9.388166  -0.000000  -9.366607  -0.021559 -26.002443 271.303794 275.024071   0.197677   0.197690 272.944431   0.198697
   220   0.000000 227.619537 -77.167209 -20.159677  -9.385516  -0.000000  -9.364949  -0.020567 -26.041938 271.263631 274.989670   0.197672   0.197690 272.901640   0.198696
   221   0.000000 227.407524 -77.196465 -20.085029  -9.382477  -0.000000  -9.362873  -0.019604 -26.082273 271.223383 274.955309   0.197666   0.197690 272.858760   0.198695
   222   0.000000 227.194679 -77.226232 -20.011143  -9.379043  -0.000000  -9.360373  -0.018670 -26.123485 271.183052 274.920986   0.197661   0.197690 272.815799   0.198695
   223   0.000000 226.981097 -77.256433 -19.938076  -9.375207  -0.000000  -9.357444  -0.017763 -26.165537 271.142648 274.886701   0.197655   0.197690 272.772766   0.198694
   224   0.000000 226.766862 -77.287020 -19.865849  -9.370960  -0.000000  -9.354076  -0.016884 -26.208371 271.102176 274.852451   0.197650   0.197690 272.729671   0.198693
   225   0.000000 226.552043 -77.317958 -19.794477  -9.366298  -0.000000  -9.350267  -0.016031 -26.251931 271.061644 274.818238   0.197645   0.197690 272.686523   0.198692
   226   0.000000 226.336707 -77.349214 -19.723970  -9.361220  -0.000000  -9.346016  -0.015204 -26.296160 271.021058 274.784059   0.197640   0.197690 272.643329   0.198692
   227   0.000000 226.120910 -77.380762 -19.654338  -9.355727  -0.000000  -9.341324  -0.014403 -26.341007 270.980425 274.749914   0.197634   0.197690 272.600097   0.198691
   228   0.000000 225.904705 -77.412579 -19.585588  -9.349823  -0.000000  -9.336196  -0.013627 -26.386423 270.939751 274.715803   0.197629   0.197690 272.556834   0.198690
   229   0.000000 225.688141 -77.444645 -19.517730  -9.343513  -0.000000  -9.330637  -0.012875 -26.432365 270.899041 274.681725   0.197624   0.197690 272.513546   0.198689
   230   0.000000 225.471260 -77.476941 -19.450772  -9.336804  -0.000000  -9.324656  -0.012148 -26.478787 270.858301 274.647680   0.197619   0.197690 272.470240   0.198689
   231   0.000000 225.254104 -77.509452 -19.384720  -9.329704  -0.000000  -9.318260  -0.011444 -26.525651 270.817536 274.613667   0.197614   0.197690 272.426922   0.198688
   232   0.000000 225.036711 -77.542163 -19.319583  -9.322222  -0.000000  -9.311459  -0.010763 -26.572918 270.776750 274.579686   0.197608   0.197690 272.383597   0.198687
   233   0.000000 224.819116 -77.575061 -19.255367  -9.314367  -0.000000  -9.304263  -0.010104 -26.620550 270.735949 274.545737   0.197603   0.197690 272.340271   0.198686
   234   0.000000 224.601352 -77.608135 -19.192079  -9.306149  -0.000000  -9.296682  -0.009467 -26.668513 270.695137 274.511819   0.197598   0.197690 272.296950   0.198686
   235   0.000000 224.383452 -77.641375 -19.129727  -9.297578  -0.000000  -9.288727  -0.008852 -26.716773 270.654318 274.477932   0.197593   0.197690 272.253638   0.198685
   236   0.000000 224.165446 -77.674771 -19.068316  -9.288666  -0.000000  -9.280409  -0.008257 -26.765298 270.613498 274.444077   0.197588   0.197690 272.210341   0.198684
   237   0.000000 223.947361 -77.708314 -19.007853  -9.279423  -0.000000  -9.271739  -0.007684 -26.814056 270.572679 274.410253   0.197583   0.197690 272.167063   0.198683
   238   0.000000 223.729226 -77.741997 -18.948344  -9.269860  -0.000000  -9.262730  -0.007130 -26.863017 270.531867 274.376461   0.197578   0.197690 272.123809   0.198683
   239   0.000000 223.511066 -77.775811 -18.889797  -9.259989  -0.000000  -9.253393  -0.006596 -26.912153 270.491066 274.342699   0.197573   0.197690 272.080584   0.198682
   240   0.000000 223.292908 -77.809749 -18.832216  -9.249822  -0.000000  -9.243740  -0.006081 -26.961434 270.450279 274.308969   0.197568   0.197690 272.037393   0.198681
   241   0.000000 223.074775 -77.843806 -18.775608  -9.239369  -0.000000  -9.233783  -0.005585 -27.010833 270.409510 274.275270   0.197563   0.197690 271.994240   0.198681
   242   0.000000 222.856692 -77.877976 -18.719979  -9.228642  -0.000000  -9.223534  -0.005108 -27.060324 270.368763 274.241603   0.197558   0.197690 271.951130   0.198680
   243   0.000000 222.638681 -77.912252 -18.665335  -9.217654  -0.000000  -9.213006  -0.004648 -27.109880 270.328043 274.207968   0.197553   0.197690 271.908066   0.198679
   244   0.000000 222.420765 -77.946629 -18.611681  -9.206415  -0.000000  -9.202209  -0.004207 -27.159476 270.287352 274.174365   0.197548   0.197690 271.865053   0.198678
   245   0.000000 222.202966 -77.981102 -18.559022  -9.194938  -0.000000  -9.191156  -0.003782 -27.209087 270.246695 274.140794   0.197543   0.197690 271.822096   0.198678
   246   0.000000 221.985307 -78.015666 -18.507365  -9.183234  -0.000000  -9.179860  -0.003374 -27.258690 270.206075 274.107255   0.197538   0.197690 271.779199   0.198677
   247   0.000000 221.767806 -78.050316 -18.456713  -9.171315  -0.000000  -9.168331  -0.002983 -27.308261 270.165496 274.073750   0.197534   0.197690 271.736365   0.198676
   248   0.000000 221.550487 -78.085048 -18.407072  -9.159191  -0.000000  -9.156583  -0.002608 -27.357777 270.124962 274.040278   0.197529   0.197690 271.693599   0.198676
   249   0.000000 221.333368 -78.119857 -18.358447  -9.146876  -0.000000  -9.144627  -0.002249 -27.407216 270.084475 274.006840   0.197524   0.197690 271.650906   0.198675
   250   0.000000 221.116471 -78.154737 -18.310841  -9.134379  -0.000000  -9.132474  -0.001905 -27.456555 270.044040 273.973436   0.197519   0.197690 271.608288   0.198674
   251   0.000000 220.899815 -78.189686 -18.264260  -9.121713  -0.000000  -9.120136  -0.001577 -27.505774 270.003659 273.940067   0.197514   0.197690 271.565749   0.198673
   252   0.000000 220.683419 -78.224699 -18.218707  -9.108889  -0.000000  -9.107625  -0.001263 -27.554852 269.963337 273.906733   0.197509   0.197690 271.523295   0.198673
   253   0.000000 220.467304 -78.259770 -18.162122  -9.089879  -0.000000  -9.088915  -0.000964 -27.603768 269.922445 273.873415   0.197505   0.197690 271.480232   0.198672
   254   0.000000 220.252101 -78.291569 -18.103676  -9.068412  -0.000000  -9.067733  -0.000680 -27.656792 269.881055 273.840101   0.197500   0.197690 271.436713   0.198671
   255   0.000000 220.037747 -78.320470 -18.044814  -9.045443  -0.000000  -9.045033  -0.000410 -27.713321 269.839293 273.806779   0.197495   0.197690 271.392852   0.198671
   256   0.000000 219.824019 -78.347237 -17.985260  -9.021161  -0.000000  -9.021007  -0.000154 -27.772403 269.797228 273.773443   0.197491   0.197690 271.348693   0.198670
   257   0.000000 219.610702 -78.372385 -17.924673  -8.995626  -0.000000  -8.995716   0.000090 -27.833507 269.754888 273.740088   0.197486   0.197690 271.304252   0.198669
   258   0.000000 219.397616 -78.396204 -17.862894  -8.968912  -0.000000  -8.969234   0.000322 -27.896403 269.712282 273.706710   0.197481   0.197690 271.259528   0.198669
   259   0.000000 219.184616 -78.418876 -17.799879  -8.941099  -0.000000  -8.941642   0.000543 -27.960997 269.669411 273.673303   0.197477   0.197690 271.214520   0.198668
   260   0.000000 218.971581 -78.440529 -17.735638  -8.912271  -0.000000  -8.913023   0.000752 -28.027244 269.626276 273.639863   0.197472   0.197690 271.169224   0.198667
   261   0.000000 218.758406 -78.461266 -17.670197  -8.882501  -0.000000  -8.883453   0.000952 -28.095113 269.582877 273.606387   0.197467   0.197690 271.123640   0.198666
   262   0.000000 218.545003 -78.481177 -17.603591  -8.851856  -0.000000  -8.852997   0.001142 -28.164571 269.539215 273.572871   0.197463   0.197690 271.077765   0.198666
   263   0.000000 218.331294 -78.500341 -17.535861  -8.820394  -0.000000  -8.821716   0.001322 -28.235588 269.495292 273.539310   0.197458   0.197690 271.031599   0.198665
   264   0.000000 218.117214 -78.518830 -17.467047  -8.788170  -0.000000  -8.789662   0.001492 -28.308130 269.451108 273.505702   0.197453   0.197690 270.985145   0.198664
   265   0.000000 217.902704 -78.536709 -17.397195  -8.755230  -0.000000  -8.756884   0.001654 -28.382159 269.406666 273.472043   0.197449   0.197690 270.938402   0.198664
   266   0.000000 217.687716 -78.554037 -17.326351  -8.721617  -0.000000  -8.723425   0.001808 -28.457637 269.361970 273.438331   0.197444   0.197690 270.891374   0.198663
   267   0.000000 217.472205 -78.570870 -17.254566  -8.687374  -0.000000  -8.689327   0.001952 -28.534523 269.317022 273.404561   0.197440   0.197690 270.844063   0.198662
   268   0.000000 217.256135 -78.587260 -17.181890  -8.652537  -0.000000  -8.654627   0.002089 -28.612774 269.271827 273.370733   0.197435   0.197690 270.796474   0.198662
   269   0.000000 217.039476 -78.603256 -17.108378  -8.617143  -0.000000  -8.619361   0.002218 -28.692344 269.226388 273.336843   0.197431   0.197690 270.748611   0.198661
   270   0.000000 216.822199 -78.618905 -17.034086  -8.581225  -0.000000  -8.583564   0.002339 -28.773186 269.180711 273.302890   0.197426   0.197690 270.700478   0.198660
   271   0.000000 216.604282 -78.634250 -16.959069  -8.544816  -0.000000  -8.547269   0.002453 -28.855249 269.134801 273.268870   0.197422   0.197690 270.652082   0.198660
   272   0.000000 216.385707 -78.649334 -16.883389  -8.507948  -0.000000  -8.510507   0.002559 -28.938483 269.088664 273.234783   0.197417   0.197690 270.603429   0.198659
   273   0.000000 216.166458 -78.664199 -16.807104  -8.470653  -0.000000  -8.473311   0.002658 -29.022834 269.042306 273.200627   0.197413   0.197690 270.554526   0.198658
   274   0.000000 215.946524 -78.678883 -16.730278  -8.432959  -0.000000  -8.435709   0.002750 -29.108248 268.995733 273.166400   0.197409   0.197690 270.505379   0.198658
   275   0.000000 215.725895 -78.693426 -16.652975  -8.394899  -0.000000  -8.397733   0.002834 -29.194667 268.948953 273.132101   0.197404   0.197690 270.455997   0.198657
   276   0.027633 215.504565 -78.685759 -16.575258  -8.356391  -0.000000  -8.359413   0.003022 -29.282036 268.902752 273.097753   0.197400   0.197690 270.406926   0.198656
   277   0.203197 215.282531 -78.563009 -16.492113  -8.314871  -0.000000  -8.318679   0.003809 -29.365011 268.860757 273.063484   0.197396   0.197690 270.360671   0.198656
   278   1.107522 215.060046 -77.875775 -16.380118  -8.258119  -0.000000  -8.265707   0.007589 -29.419089 268.840447 273.029934   0.197391   0.197690 270.329292   0.198655
   279   3.564375 214.838576 -76.038295 -16.125524  -8.135027  -0.000000  -8.152442   0.017415 -29.326411 268.869845 272.998522   0.197387   0.197690 270.331871   0.198654
   280   8.077987 214.625427 -72.759840 -15.533902  -7.859532  -0.000000  -7.892790   0.033258 -28.900735 268.969056 272.971135   0.197383   0.197690 270.381674   0.198654
   281  14.722480 214.438167 -68.050327 -14.422717  -7.345182  -0.000000  -7.395625   0.050443 -28.014555 269.140455 272.949565   0.197378   0.197690 270.479804   0.198653
   282  23.323192 214.304186 -62.034103 -12.676736  -6.523705  -0.000000  -6.585490   0.061784 -26.663768 269.372418 272.935100   0.197374   0.197690 270.618405   0.198652
   283  33.614580 214.256719 -54.843148 -10.258096  -5.348482  -0.000000  -5.409911   0.061429 -24.938773 269.647857 272.928418   0.197370   0.197690 270.787006   0.198652
   284  45.322071 214.329764 -46.592459  -7.201812  -3.796860  -0.000000  -3.844581   0.047722 -22.963929 269.951131 272.929691   0.197365   0.197690 270.977263   0.198651
   285  58.195178 214.553117 -37.387562  -3.601492  -1.871409  -0.000000  -1.895055   0.023646 -20.849923 270.271322 272.938776   0.197361   0.197690 271.184746   0.198650
   286  72.017060 214.948383 -27.334776   0.416580   0.403828   0.000000   0.408599  -0.004772 -18.672175 270.602904 272.955400   0.197357   0.197690 271.453289   0.198650
   287  86.604211 218.320916 -13.836417  -6.128608  -0.527217  -0.000000  -0.529139   0.001921 -16.467468 271.417865 272.993468   0.197353   0.197690 272.193177   0.198649
   288 101.802621 218.304653  -5.261979   9.754738   8.335436   0.000000   8.363570  -0.028134 -11.029215 271.633693 273.033174   0.197349   0.197690 272.331008   0.198648
   289 117.483153 221.938891   9.857202  -1.196923   5.479453   0.000000   5.447791   0.031663  -9.796366 272.485536 273.093650   0.197344   0.197690 273.109876   0.198648
   290 133.537169 222.117020  19.099696  16.055431  15.238942   0.000000  15.143767   0.095175  -4.256800 272.765642 273.156035   0.197340   0.197690 273.281044   0.198647
   291 149.872779 225.483695  34.185287   7.605309  14.192038   0.000000  13.978393   0.213645  -2.732749 273.528801 273.234904   0.197336   0.197690 274.008525   0.198646
   292 166.411727 227.899809  46.338722  14.755082  22.095436   0.000000  21.642171   0.453265   2.057279 274.082745 273.322701   0.197332   0.197689 274.526345   0.198646
   293 183.086877 230.581421  59.778587  15.596537  25.421379   0.000000  24.708081   0.713298   5.320313 274.727540 273.421616   0.197328   0.197689 275.106592   0.198645
   294 199.840189 233.069210  72.663564  19.902590  31.002088   0.000000  29.898110   1.103979   9.141466 275.320199 273.529357   0.197324   0.197689 275.636717   0.198644
   295 216.621099 235.508979  85.742749  23.199379  35.867633   0.000000  34.272234   1.595399  12.535897 275.912577 273.645416   0.197320   0.197689 276.154994   0.198644
   296 233.385225 238.158299  98.995503  25.565416  40.761056   0.000000  38.509489   2.251567  15.870123 276.526807 273.770003   0.197316   0.197689 276.702148   0.198643
   297 250.093324 240.736292 112.014980  29.069639  46.417038   0.000000  43.287740   3.129298  19.297628 277.120412 273.902034   0.197312   0.197688 277.227699   0.198642
   298 266.710453 243.396404 125.118869  31.735376  51.721297   0.000000  47.478601   4.242696  22.528640 277.721678 274.041381   0.197308   0.197688 277.760878   0.198642
   299 283.205292 245.987992 138.004497  35.160342  57.416140   0.000000  51.736370   5.679770  25.762079 278.305707 274.187177   0.197304   0.197687 278.274781   0.198641
   300 299.549591 248.552016 150.806301  38.403426  62.806347   0.000000  55.335871   7.470476  28.829709 278.883724 274.338974   0.197300   0.197686 278.778841   0.198640
   301 315.717721 251.037919 163.402648  42.057789  68.124370   0.000000  58.416834   9.707536  31.813246 279.448337 274.496137   0.197296   0.197685 279.264456   0.198640
   302 331.686303 253.452154 175.817035  45.858191  73.069580   0.000000  60.609898  12.459681  34.665400 280.003718 274.658211   0.197292   0.197684 279.733833   0.198639
   303 347.433903 255.783683 188.002572  49.982702  77.625235   0.000000  61.787382  15.837853  37.418551 280.549826 274.824773   0.197288   0.197682 280.185620   0.198638
   304 362.940782 258.036180 199.947960  54.401077  81.621093   0.000000  61.657126  19.963967  40.075372 281.089969 274.995530   0.197284   0.197679 280.621242   0.198638
   305 378.188686 260.212133 211.625572  59.197542  84.930059   0.000000  59.923824  25.006235  42.661072 281.627373 275.170303   0.197280   0.197676 281.041837   0.198637
   306 393.160668 262.318803 223.013487  64.430544  87.342385   0.000000  56.153411  31.188975  45.199486 282.167283 275.349078   0.197276   0.197673 281.449516   0.198636
   307 407.840945 264.364271 234.081169  70.225242  88.556793   0.000000  49.709654  38.847139  47.727434 282.717225 275.532057   0.197272   0.197668 281.846773   0.198635
   308 422.214769 266.360097 244.790357  76.770014  87.998691   0.000000  39.455196  48.543495  50.296176 283.290849 275.719821   0.197268   0.197662 282.237444   0.198634
   309 436.268330 268.320099 255.074197  84.459476  84.100798   0.000000  22.541035  61.559763  52.997196 283.922952 275.913934   0.197074   0.197649 282.628683   0.198499
   310 449.988660 270.265541 264.765561  94.397583  78.288118   0.000000   0.000000  78.288118  56.063121 284.595484 276.115344   0.197070   0.197639 283.019665   0.198508
   311 463.363562 272.237504 273.980084 105.806220  88.944617   0.000000   0.000000  88.944617  59.360982 284.947683 276.313953   0.197067   0.197628 283.363193   0.198516
   312 481.650953 274.249087 288.771986 105.898493  94.712857   0.000000   0.000000  94.712857  60.436114 285.412072 276.513664   0.197064   0.197617 283.726920   0.198522
   313 494.330359 276.034680 298.278180 111.380361 102.204111   0.000000   0.000000 102.204111  62.288853 285.757928 276.711062   0.197060   0.197605 284.038445   0.198527
   314 506.630370 277.756631 308.016356 113.052469 107.711579   0.000000   0.000000 107.711579  63.328063 286.106364 276.906667   0.197057   0.197592 284.339460   0.198531
   315 518.541369 279.339282 317.288468 115.678038 113.317341   0.000000   0.000000 113.317341  64.397885 286.431536 277.100143   0.197053   0.197578 284.615450   0.198534
   316 530.054262 280.826708 326.263451 118.059274 118.570938   0.000000   0.000000 118.570938  65.319749 286.742004 277.291421   0.197050   0.197564 284.874287   0.198536
   317 541.160446 282.226676 334.898768 120.450482 123.628852   0.000000   0.000000 123.628852  66.154081 287.037473 277.480406   0.197046   0.197549 285.117243   0.198538
   318 551.851785 283.550765 343.201416 122.766819 128.479906   0.000000   0.000000 128.479906  66.899472 287.319358 277.667032   0.197043   0.197534 285.346347   0.198540
   319 562.120589 284.806480 351.165849 125.010739 133.144031   0.000000   0.000000 133.144031  67.566284 287.588385 277.851244   0.197039   0.197518 285.562919   0.198541
   320 571.959592 286.000187 358.789248 127.167732 137.627028   0.000000   0.000000 137.627028  68.159988 287.845248 278.032996   0.197036   0.197501 285.768091   0.198542
   321 581.361941 287.137028 366.068038 129.230242 141.934129   0.000000   0.000000 141.934129  68.685765 288.090499 278.212245   0.197032   0.197484 285.962786   0.198542
   322 590.321175 288.221354 372.998870 131.191086 146.068064   0.000000   0.000000 146.068064  69.147772 288.324610 278.388956   0.197028   0.197467 286.147788   0.198542
   323 598.831217 289.256876 379.578450 133.044546 150.030432   0.000000   0.000000 150.030432  69.549582 288.547986 278.563093   0.197024   0.197449 286.323773   0.198542
   324 606.886361 290.246806 385.803628 134.785774 153.821908   0.000000   0.000000 153.821908  69.894251 288.760971 278.734623   0.197021   0.197430 286.491326   0.198542
   325 614.481266 291.193947 391.671403 136.431811 157.452098   0.000000   0.000000 157.452098  70.184433 288.963364 278.903501   0.197017   0.197411 286.650960   0.198541
   326 621.610941 292.101060 397.181892 137.957959 160.908702   0.000000   0.000000 160.908702  70.419043 289.155562 279.069687   0.197013   0.197392 286.803192   0.198541
   327 628.270746 292.970152 402.331578 139.366589 164.194094   0.000000   0.000000 164.194094  70.601125 289.337765 279.233141   0.197009   0.197372 286.948404   0.198540
   328 634.456378 293.803144 407.118126 140.654171 167.306744   0.000000   0.000000 167.306744  70.732369 289.510182 279.393827   0.197005   0.197352 287.086960   0.198539
   329 640.163872 294.601737 411.539208 141.819027 170.245814   0.000000   0.000000 170.245814  70.814488 289.672984 279.551707   0.197001   0.197332 287.219184   0.198538
   330 645.389593 295.367467 415.592763 142.859441 173.010137   0.000000   0.000000 173.010137  70.848938 289.826322 279.706746   0.196997   0.197311 287.345371   0.198537
   331 650.130230 296.101709 419.276927 143.774038 175.598526   0.000000   0.000000 175.598526  70.837032 289.970329 279.858908   0.196992   0.197290 287.465786   0.198535
   332 654.382798 296.805705 422.590042 144.561659 178.009755   0.000000   0.000000 178.009755  70.779947 290.105123 280.008159   0.196988   0.197269 287.580668   0.198534
   333 658.144631 297.480569 425.530650 145.221336 180.242609   0.000000   0.000000 180.242609  70.678743 290.230806 280.154465   0.196984   0.197247 287.690232   0.198532
   334 661.413378 298.127307 428.097496 145.752267 182.295912   0.000000   0.000000 182.295912  70.534388 290.347472 280.297791   0.196979   0.197225 287.794675   0.198531
   335 664.187007 298.746825 430.289523 146.153786 184.168551   0.000000   0.000000 184.168551  70.347766 290.455202 280.438103   0.196975   0.197203 287.894170   0.198529
   336 666.463795 299.339939 432.105874 146.425340 185.859498   0.000000   0.000000 185.859498  70.119694 290.554074 280.575369   0.196970   0.197181 287.988877   0.198527
   337 668.242334 299.907384 433.545890 146.566469 187.367831   0.000000   0.000000 187.367831  69.850929 290.644153 280.709556   0.196966   0.197158 288.078936   0.198526
   338 669.521525 300.449820 434.609110 146.576789 188.692749   0.000000   0.000000 188.692749  69.542179 290.725504 280.840631   0.196961   0.197136 288.164473   0.198524
   339 670.300580 300.967839 435.295270 146.455978 189.833585   0.000000   0.000000 189.833585  69.194110 290.798183 280.968562   0.196957   0.197113 288.245599   0.198522
   340 670.579017 301.461969 435.604304 146.203760 190.789818   0.000000   0.000000 190.789818  68.807351 290.862246 281.093317   0.196952   0.197090 288.322413   0.198520
   341 670.356665 301.932679 435.536341 145.819896 191.561086   0.000000   0.000000 191.561086  68.382501 290.917743 281.214867   0.196947   0.197067 288.394998   0.198518
   342 669.633662 302.380383 435.091708 145.304177 192.147190   0.000000   0.000000 192.147190  67.920136 290.964723 281.333179   0.196942   0.197044 288.463427   0.198516
   343 668.410452 302.805441 434.270929 144.656412 192.548107   0.000000   0.000000 192.548107  67.420809 291.003232 281.448224   0.196937   0.197021 288.527760   0.198514
   344 666.687791 303.208164 433.074724 143.876426 192.763991   0.000000   0.000000 192.763991  66.885054 291.033315 281.559973   0.196932   0.196998 288.588046   0.198512
   345 664.466743 303.588817 431.504012 142.964058 192.795184   0.000000   0.000000 192.795184  66.313390 291.055015 281.668397   0.196927   0.196975 288.644320   0.198510
   346 661.748680 303.947618 429.559911 141.919151 192.642215   0.000000   0.000000 192.642215  65.706323 291.068375 281.773468   0.196922   0.196952 288.696610   0.198507
   347 658.535291 304.284741 427.243740 140.741560 192.305806   0.000000   0.000000 192.305806  65.064350 291.073437 281.875158   0.196917   0.196929 288.744930   0.198505
   348 654.828573 304.600322 424.557019 139.431146 191.786875   0.000000   0.000000 191.786875  64.387953 291.070242 281.973440   0.196912   0.196906 288.789287   0.198503
   349 650.630840 304.894455 421.501475 137.987779 191.086538   0.000000   0.000000 191.086538  63.677609 291.058830 282.068289   0.196906   0.196883 288.829675   0.198501
   350 645.944724 305.167198 418.079043 136.411340 190.206111   0.000000   0.000000 190.206111  62.933786 291.039243 282.159680   0.196901   0.196860 288.866079   0.198498
   351 640.773174 305.418572 414.291872 134.701723 189.147108   0.000000   0.000000 189.147108  62.156942 291.011519 282.247586   0.196896   0.196837 288.898476   0.198496
   352 635.119464 305.648567 410.142325 132.858844 187.911248   0.000000   0.000000 187.911248  61.347531 290.975699 282.331985   0.196890   0.196815 288.926834   0.198494
   353 628.987192 305.857140 405.632987 130.882637 186.500449   0.000000   0.000000 186.500449  60.505996 290.931822 282.412854   0.196884   0.196792 288.951111   0.198491
   354 622.380287 306.044220 400.766670 128.773068 184.916829   0.000000   0.000000 184.916829  59.632776 290.879927 282.490170   0.196879   0.196770 288.971258   0.198489
   355 615.303013 306.209707 395.546419 126.530136 183.162708   0.000000   0.000000 183.162708  58.728300 290.820052 282.563910   0.196873   0.196748 288.987217   0.198487
   356 607.759973 306.353479 389.975519 124.153880 181.240606   0.000000   0.000000 181.240606  57.792991 290.752236 282.634055   0.196867   0.196726 288.998924   0.198484
   357 599.756116 306.475391 384.057503 121.644390 179.153241   0.000000   0.000000 179.153241  56.827266 290.676516 282.700583   0.196862   0.196705 289.006306   0.198482
   358 591.296745 306.575278 377.796156 119.001810 176.903529   0.000000   0.000000 176.903529  55.831532 290.592931 282.763475   0.196856   0.196684 289.009287   0.198480
   359 582.387526 306.652960 371.195532 116.226352 174.494581   0.000000   0.000000 174.494581  54.806192 290.501519 282.822713   0.196850   0.196663 289.007779   0.198477
   360 573.034492 306.708242 364.259958 113.318299 171.929703   0.000000   0.000000 171.929703  53.751641 290.402315 282.878277   0.196844   0.196642 289.001693   0.198475
   361 563.244060 306.740916 356.994046 110.285730 169.217239   0.000000   0.000000 169.217239  52.668267 290.295172 282.930144   0.196838   0.196622 288.990915   0.198473
   362 553.023040 306.750839 349.403777 107.119866 166.354730   0.000000   0.000000 166.354730  51.555193 290.180207 282.978295   0.196832   0.196602 288.975356   0.198470
   363 542.378651 306.737675 341.493820 103.823125 163.347575   0.000000   0.000000 163.347575  50.413387 290.057473 283.022712   0.196826   0.196582 288.954887   0.198468
   364 531.318533 306.701163 333.269612 100.395575 160.199610   0.000000   0.000000 160.199610  49.243333 289.927030 283.063377   0.196820   0.196563 288.929387   0.198466
   365 519.850773 306.641047 324.736888  96.837974 156.915206   0.000000   0.000000 156.915206  48.045576 289.788934 283.100275   0.196814   0.196544 288.898729   0.198464
   366 507.983918 306.557087 315.901788  93.151127 153.498818   0.000000   0.000000 153.498818  46.820617 289.643240 283.133391   0.196808   0.196526 288.862781   0.198461
   367 495.727009 306.449056 306.770855  89.336053 149.955087   0.000000   0.000000 149.955087  45.568942 289.490002 283.162713   0.196801   0.196508 288.821405   0.198459
   368 483.089600 306.316742 297.351054  85.393970 146.288818   0.000000   0.000000 146.288818  44.291025 289.329275 283.188228   0.196795   0.196490 288.774452   0.198457
   369 470.081800 306.159947 287.649799  81.326325 142.504979   0.000000   0.000000 142.504979  42.987334 289.161114 283.209924   0.196789   0.196473 288.721761   0.198455
   370 456.714307 305.978495 277.674986  77.134820 138.608703   0.000000   0.000000 138.608703  41.658332 288.985576 283.227792   0.196782   0.196457 288.663153   0.198453
   371 442.998452 305.772227 267.435024  72.821436 134.605281   0.000000   0.000000 134.605281  40.304488 288.802718 283.241822   0.196776   0.196440 288.598421   0.198450
   372 428.946256 305.541012 256.938877  68.388471 130.500156   0.000000   0.000000 130.500156  38.926273 288.612602 283.252005   0.196769   0.196425 288.527312   0.198448
   373 414.570486 305.284743 246.196114  63.838572 126.298923   0.000000   0.000000 126.298923  37.524175 288.415293 283.258336   0.196763   0.196410 288.449493   0.198446
   374 399.884730 305.003344 235.216964  59.174781 122.007315   0.000000   0.000000 122.007315  36.098696 288.210860 283.260808   0.196757   0.196395 288.364439   0.198444
   375 384.903481 304.696772 224.012383  54.400593 117.631200   0.000000   0.000000 117.631200  34.650365 287.999380 283.259416   0.196750   0.196381 288.270704   0.198442
   376 369.642235 304.365025 212.594129  49.520012 113.176567   0.000000   0.000000 113.176567  33.179743 287.780934 283.254158   0.196743   0.196367 288.167656   0.198440
   377 354.117607 304.008140 200.974859  44.537636 108.649505   0.000000   0.000000 108.649505  31.687428 287.555614 283.245033   0.196737   0.196354 288.056162   0.198438
   378 338.347475 303.626206 189.168236  39.458750 104.056184   0.000000   0.000000 104.056184  30.174070 287.323522 283.232040   0.196730   0.196342 287.936534   0.198437
   379 322.351141 303.219365 177.189060  34.289450  99.402813   0.000000   0.000000  99.402813  28.640376 287.084772 283.215183   0.196724   0.196330 287.809069   0.198435
   380 306.149532 302.787824 165.053432  29.036807  94.695584   0.000000   0.000000  94.695584  27.087122 286.839490 283.194466   0.196717   0.196318 287.674058   0.198433
   381 289.765438 302.331865 152.778938  23.709090  89.940569   0.000000   0.000000  89.940569  25.515166 286.587819 283.169897   0.196710   0.196308 287.531788   0.198431
   382 273.223800 301.851856 140.384895  18.316085  85.143546   0.000000   0.000000  85.143546  23.925455 286.329920 283.141487   0.196704   0.196297 287.382543   0.198430
   383 256.552056 301.348275 127.892634  12.869611  80.309656   0.000000   0.000000  80.309656  22.319031 286.065969 283.109251   0.196697   0.196288 287.226614   0.198428
   384 239.780567 300.821732 115.325876   7.384433  75.442641   0.000000   0.000000  75.442641  20.697027 285.796153 283.073204   0.196691   0.196279 287.064300   0.198426
   385 222.943134 300.273016 102.711210   1.880256  70.542796   0.000000   0.000000  70.542796  19.060639 285.520658 283.033369   0.196684   0.196270 286.895910   0.198425
   386 206.077638 299.703176  90.078755  -3.611959  65.598509   0.000000   0.000000  65.598509  17.411025 285.239630 282.989767   0.196677   0.196262 286.605992   0.198423
   387 189.226822 299.353209  77.695490  -7.863161  49.006518   0.000000   0.000000  49.006518  15.749041 285.127870 282.947654   0.196670   0.196257 286.496466   0.198422
   388 172.439271 298.773851  64.273706  -7.927962  44.105196   0.000000   0.000000  44.105196  15.261511 284.850125 282.901743   0.196664   0.196251 286.289899   0.198421
   389 155.770621 298.252122  51.846945 -11.370695  37.832483   0.000000   0.000000  37.832483  13.638674 284.545039 282.851427   0.196657   0.196247 286.078456   0.198419
   390 139.285079 297.592774  39.567640 -14.715830  32.522346   0.000000   0.000000  32.522346  11.855283 284.196583 282.795672   0.196650   0.196243 285.833558   0.198418
   391 123.057315 296.815628  27.594361 -18.248191  27.477080   0.000000   0.000000  27.477080   9.806381 283.814938 282.733842   0.196644   0.196240 285.560387   0.198417
   392 107.174822 295.919691  15.942548 -21.768102  22.727528   0.000000   0.000000  22.727528   7.567673 283.404213 282.665474   0.196637   0.196237 285.259081   0.198416
   393  91.740849 294.907937   4.675097 -25.164716  18.219191   0.000000   0.000000  18.219191   5.171175 282.967816 282.590241   0.196631   0.196235 284.931825   0.198415
   394  76.877972 293.785536  -6.123768 -28.408222  13.998315   0.000000   0.000000  13.998315   2.643028 282.509197 282.507936   0.196624   0.196233 284.581368   0.198414
   395  62.732318 292.560179 -16.348546 -31.495511  10.134683   0.000000   0.000000  10.134683   0.008827 282.032561 282.418485   0.196617   0.196232 284.210042   0.198413
   396  49.478223 291.236261 -25.877846 -34.368399   6.686962   0.000000   0.000000   6.686962  -2.701468 281.541578 282.321922   0.196611   0.196231 283.820798   0.198412
   397  37.322556 289.817101 -34.562271 -37.006182   3.745667   0.000000   0.000000   3.745667  -5.462403 281.040695 282.218395   0.196604   0.196230 283.417511   0.198411
   398  26.506668 288.313764 -42.220787 -39.452170   1.432103   0.000000   0.000000   1.432103  -8.243896 280.537702 282.108264   0.196598   0.196230 283.006450   0.198411
   399  17.301029 286.736654 -48.665493 -41.698655  -0.132640  -0.000000  -0.000000  -0.132640 -10.993936 280.042268 281.992137   0.196591   0.196230 282.594703   0.198410
   400   9.981604 285.094029 -53.714441 -43.703828  -0.899185  -0.000000  -0.012473  -0.886712 -13.649080 279.568013 281.870965   0.196585   0.196230 282.192336   0.198409
   401   4.766434 283.397014 -57.247234 -45.425153  -1.016182  -0.000000  -0.088348  -0.927834 -16.120658 279.138112 281.746300   0.196578   0.196231 281.816287   0.198408
   402   1.681876 281.663041 -59.335153 -46.777615  -0.801447  -0.000000  -0.193686  -0.607761 -18.257314 278.778870 281.620337   0.196572   0.196231 281.485594   0.198408
   403   0.368355 279.915723 -60.365343 -47.640715  -0.644092  -0.000000  -0.297217  -0.346875 -19.890269 278.504340 281.495494   0.196565   0.196231 281.210545   0.198407
   404   0.049169 278.185525 -60.992451 -47.930306  -0.666949  -0.000000  -0.390394  -0.276556 -20.938082 278.295535 281.373406   0.196559   0.196231 280.978998   0.198407
   405   0.000000 276.507325 -61.668489 -47.751257  -0.758988  -0.000000  -0.483082  -0.275905 -21.545098 278.117083 281.254519   0.196553   0.196231 280.768750   0.198406
   406   0.000000 274.910121 -62.372469 -47.355276  -0.871937  -0.000000  -0.584168  -0.287769 -21.962056 277.951453 281.138745   0.196546   0.196231 280.570302   0.198405
   407   0.000000 273.406208 -63.048150 -46.914075  -0.995564  -0.000000  -0.697934  -0.297629 -22.311043 277.794391 281.025903   0.196540   0.196231 280.382094   0.198405
   408   0.000000 271.994473 -63.676221 -46.488854  -1.132088  -0.000000  -0.825987  -0.306101 -22.620582 277.646040 280.915861   0.196534   0.196231 280.204418   0.198404
   409   0.000000 270.667853 -64.263997 -46.082533  -1.282286  -0.000000  -0.969114  -0.313171 -22.888747 277.506406 280.808521   0.196527   0.196231 280.036972   0.198404
   410   0.000000 269.418828 -64.818606 -45.689044  -1.446867  -0.000000  -1.128007  -0.318860 -23.114805 277.375056 280.703801   0.196521   0.196231 279.879105   0.198403
   411   0.000000 268.241133 -65.343904 -45.305912  -1.626640  -0.000000  -1.303391  -0.323249 -23.301214 277.251493 280.601627   0.196515   0.196231 279.730169   0.198403
   412   0.000000 267.129427 -65.842570 -44.931103  -1.822362  -0.000000  -1.495934  -0.326429 -23.450941 277.135226 280.501932   0.196509   0.196231 279.589540   0.198402
   413   0.000000 266.078762 -66.316967 -44.561297  -2.034674  -0.000000  -1.706183  -0.328491 -23.566940 277.025731 280.404651   0.196503   0.196231 279.456594   0.198402
   414   0.000000 265.084580 -66.768932 -44.194076  -2.264133  -0.000000  -1.934607  -0.329526 -23.652439 276.922506 280.309723   0.196496   0.196231 279.330761   0.198401
   415   0.000000 264.142890 -67.199874 -43.828892  -2.511214  -0.000000  -2.181596  -0.329619 -23.710519 276.825143 280.217088   0.196490   0.196231 279.211571   0.198401
   416   0.000000 263.250199 -67.611183 -43.465431  -2.776233  -0.000000  -2.447392  -0.328842 -23.743615 276.733308 280.126691   0.196484   0.196231 279.098619   0.198400
   417   0.000000 262.403281 -68.004341 -43.102524  -3.059296  -0.000000  -2.732040  -0.327257 -23.753682 276.646678 280.038480   0.196478   0.196231 278.991518   0.198400
   418   0.000000 261.599148 -68.380666 -42.739041  -3.360323  -0.000000  -3.035400  -0.324923 -23.742611 276.564938 279.952402   0.196472   0.196231 278.889904   0.198399
   419   0.000000 260.835133 -68.741212 -42.374610  -3.679053  -0.000000  -3.357155  -0.321898 -23.712248 276.487808 279.868410   0.196466   0.196231 278.793458   0.198399
   420   0.000000 260.108862 -69.086919 -42.009121  -4.015010  -0.000000  -3.696777  -0.318233 -23.664210 276.415039 279.786456   0.196460   0.196231 278.701892   0.198398
   421   0.000000 259.418158 -69.418686 -41.642270  -4.367470  -0.000000  -4.053491  -0.313979 -23.599915 276.346390 279.706494   0.196454   0.196231 278.614933   0.198398
   422   0.000000 258.761009 -69.737295 -41.273880  -4.735476  -0.000000  -4.426292  -0.309183 -23.520731 276.281625 279.628481   0.196448   0.196231 278.532325   0.198397
   423   0.000000 258.135588 -70.043388 -40.904128  -5.117845  -0.000000  -4.813952  -0.303893 -23.427991 276.220523 279.552371   0.196442   0.196231 278.453830   0.198397
   424   0.000000 257.540220 -70.337519 -40.533337  -5.513166  -0.000000  -5.215012  -0.298155 -23.322940 276.162870 279.478122   0.196436   0.196231 278.379226   0.198397
   425   0.000000 256.973345 -70.620185 -40.161904  -5.919805  -0.000000  -5.627791  -0.292013 -23.206765 276.108459 279.405691   0.196430   0.196231 278.308297   0.198396
   426   0.000000 256.433501 -70.891804 -39.790392  -6.335929  -0.000000  -6.050416  -0.285514 -23.080624 276.057083 279.335033   0.196424   0.196231 278.240840   0.198396
   427   0.000000 255.919320 -71.152732 -39.419496  -6.759535  -0.000000  -6.480835  -0.278700 -22.945650 276.008543 279.266107   0.196418   0.196232 278.176656   0.198395
   428   0.000000 255.429494 -71.403278 -39.049981  -7.188467  -0.000000  -6.916852  -0.271616 -22.802950 275.962636 279.198868   0.196413   0.196232 278.115552   0.198395
   429   0.000000 254.962771 -71.643712 -38.682694  -7.620465  -0.000000  -7.356161  -0.264304 -22.653620 275.919165 279.133271   0.196407   0.196232 278.057337   0.198394
   430   0.000000 254.517940 -71.874271 -38.318545  -8.053196  -0.000000  -7.796388  -0.256808 -22.498743 275.877932 279.069273   0.196401   0.196232 278.001824   0.198394
   431   0.000000 254.093822 -72.095168 -37.958471  -8.484302  -0.000000  -8.235134  -0.249168 -22.339389 275.838740 279.006827   0.196395   0.196232 277.948828   0.198394
   432   0.000000 253.689262 -72.306605 -37.603414  -8.911441  -0.000000  -8.670017  -0.241424 -22.176610 275.801396 278.945887   0.196389   0.196232 277.898167   0.198393
   433   0.000000 253.303123 -72.508776 -37.276074  -9.337655  -0.000000  -9.104040  -0.233616 -22.011441 275.766524 278.886430   0.196384   0.196232 277.850385   0.198393
   434   0.000000 252.933139 -72.706754 -36.954925  -9.758496  -0.000000  -9.532788  -0.225709 -21.839342 275.733693 278.828422   0.196378   0.196232 277.804998   0.198392
   435   0.000000 252.578770 -72.899059 -36.640965 -10.171474  -0.000000  -9.953714  -0.217760 -21.663106 275.702569 278.771825   0.196372   0.196232 277.761755   0.198392
   436   0.000000 252.239553 -73.084589 -36.336811 -10.574623  -0.000000 -10.364804  -0.209819 -21.484788 275.672945 278.716594   0.196366   0.196232 277.720498   0.198392
   437   0.000000 251.914863 -73.262992 -36.043739 -10.966120  -0.000000 -10.764198  -0.201921 -21.305541 275.644659 278.662688   0.196361   0.196232 277.681086   0.198391
   438   0.000000 251.603978 -73.434206 -35.762367 -11.344294  -0.000000 -11.150197  -0.194097 -21.126207 275.617556 278.610064   0.196355   0.196232 277.643375   0.198391
   439   0.000000 251.306130 -73.598267 -35.493121 -11.707677  -0.000000 -11.521303  -0.186374 -20.947555 275.591489 278.558676   0.196350   0.196232 277.607224   0.198390
   440   0.000000 251.020527 -73.755259 -35.236342 -12.055026  -0.000000 -11.876249  -0.178778 -20.770308 275.566318 278.508481   0.196344   0.196232 277.572493   0.198390
   441   0.000000 250.746368 -73.905309 -34.992274 -12.385339  -0.000000 -12.214010  -0.171329 -20.595142 275.541911 278.459435   0.196338   0.196232 277.539047   0.198389
   442   0.000000 250.482846 -74.048585 -34.761055 -12.697853  -0.000000 -12.533805  -0.164048 -20.422673 275.518143 278.411494   0.196333   0.196232 277.506755   0.198389
   443   0.000000 250.229163 -74.185288 -34.542717 -12.992041  -0.000000 -12.835091  -0.156950 -20.253458 275.494899 278.364613   0.196327   0.196232 277.475491   0.198389
   444   0.000000 249.984537 -74.315649 -34.337182 -13.267604  -0.000000 -13.117555  -0.150049 -20.087992 275.472076 278.318748   0.196322   0.196232 277.445137   0.198388
   445   0.000000 249.748206 -74.439922 -34.144271 -13.524455  -0.000000 -13.381098  -0.143357 -19.926705 275.449576 278.273857   0.196316   0.196232 277.415580   0.198388
   446   0.000000 249.519434 -74.558376 -33.963716 -13.762699  -0.000000 -13.625818  -0.136881 -19.769966 275.427315 278.229898   0.196311   0.196232 277.386715   0.198387
   447   0.000000 249.297520 -74.671298 -33.795161 -13.982615  -0.000000 -13.851988  -0.130627 -19.618081 275.405214 278.186828   0.196305   0.196232 277.358445   0.198387
   448   0.000000 249.081800 -74.778977 -33.638182 -14.184629  -0.000000 -14.060028  -0.124601 -19.471299 275.383207 278.144609   0.196300   0.196232 277.330680   0.198387
   449   0.000000 248.871648 -74.881710 -33.492298 -14.369291  -0.000000 -14.250489  -0.118802 -19.329812 275.361234 278.103200   0.196294   0.196232 277.303337   0.198386
   450   0.000000 248.666480 -74.979790 -33.356981 -14.537251  -0.000000 -14.424018  -0.113233 -19.193758 275.339245 278.062564   0.196289   0.196232 277.276343   0.198386
   451   0.000000 248.465756 -75.073505 -33.231672 -14.689235  -0.000000 -14.581344  -0.107890 -19.063232 275.317195 278.022664   0.196284   0.196232 277.249628   0.198386
   452   0.000000 248.268981 -75.163138 -33.115794 -14.826022  -0.000000 -14.723249  -0.102772 -18.938281 275.295049 277.983465   0.196278   0.196232 277.223135   0.198385
   453   0.000000 248.075703 -75.248959 -33.008760 -14.948428  -0.000000 -14.850553  -0.097875 -18.818917 275.272775 277.944934   0.196273   0.196232 277.196809   0.198385
   454   0.000000 247.885513 -75.331225 -32.909985 -15.057287  -0.000000 -14.964094  -0.093193 -18.705113 275.250349 277.907038   0.196268   0.196232 277.170604   0.198384
   455   0.000000 247.698043 -75.410181 -32.818894 -15.153435  -0.000000 -15.064713  -0.088722 -18.596817 275.227753 277.869745   0.196262   0.196232 277.144480   0.198384
   456   0.000000 247.512968 -75.486057 -32.734931 -15.237699  -0.000000 -15.153245  -0.084454 -18.493946 275.204971 277.833028   0.196257   0.196232 277.118402   0.198384
   457   0.000000 247.329998 -75.559064 -32.657562 -15.310888  -0.000000 -15.230505  -0.080383 -18.396397 275.181993 277.796857   0.196252   0.196232 277.092340   0.198383
   458   0.000000 247.148883 -75.629401 -32.586279 -15.373785  -0.000000 -15.297283  -0.076502 -18.304047 275.158813 277.761207   0.196247   0.196232 277.066271   0.198383
   459   0.000000 246.969402 -75.697250 -32.520605 -15.427144  -0.000000 -15.354340  -0.072804 -18.216757 275.135427 277.726052   0.196241   0.196232 277.040175   0.198382
   460   0.000000 246.791369 -75.762777 -32.460092 -15.471680  -0.000000 -15.402399  -0.069282 -18.134375 275.111834 277.691368   0.196236   0.196232 277.014036   0.198382
   461   0.000000 246.614625 -75.826137 -32.404327 -15.508075  -0.000000 -15.442148  -0.065927 -18.056739 275.088037 277.657133   0.196231   0.196232 276.987843   0.198382
   462   0.000000 246.439036 -75.887469 -32.352925 -15.536973  -0.000000 -15.474240  -0.062733 -17.983676 275.064040 277.623327   0.196226   0.196232 276.961587   0.198381
   463   0.000000 246.264491 -75.946900 -32.305534 -15.558979  -0.000000 -15.499287  -0.059693 -17.915009 275.039849 277.589928   0.196221   0.196232 276.935263   0.198381
   464   0.000000 246.090903 -76.004545 -32.261827 -15.574663  -0.000000 -15.517864  -0.056799 -17.850555 275.015472 277.556919   0.196216   0.196232 276.908868   0.198381
   465   0.000000 245.918199 -76.060510 -32.221508 -15.584558  -0.000000 -15.530513  -0.054044 -17.790129 274.990918 277.524282   0.196210   0.196232 276.882402   0.198380
   466   0.000000 245.746325 -76.114891 -32.184304 -15.589164  -0.000000 -15.537741  -0.051423 -17.733543 274.966198 277.492000   0.196205   0.196232 276.855866   0.198380
   467   0.000000 245.575238 -76.167777 -32.149965 -15.588949  -0.000000 -15.540022  -0.048927 -17.680612 274.941323 277.460058   0.196200   0.196232 276.829265   0.198379
   468   0.000000 245.404911 -76.219247 -32.118261 -15.584351  -0.000000 -15.537799  -0.046552 -17.631148 274.916304 277.428442   0.196195   0.196232 276.802602   0.198379
   469   0.000000 245.235323 -76.269377 -32.082498 -15.572640  -0.000000 -15.528349  -0.044291 -17.584967 274.890942 277.397132   0.196190   0.196232 276.775697   0.198379
   470   0.000000 245.066767 -76.316965 -32.050221 -15.557383  -0.000000 -15.515237  -0.042146 -17.543335 274.865335 277.366113   0.196185   0.196232 276.748648   0.198378
   471   0.000000 244.899007 -76.362697 -32.019702 -15.538702  -0.000000 -15.498594  -0.040108 -17.505444 274.839519 277.335369   0.196180   0.196232 276.721459   0.198378
   472   0.000000 244.731875 -76.406895 -31.990031 -15.516847  -0.000000 -15.478677  -0.038170 -17.470956 274.813500 277.304890   0.196175   0.196232 276.694123   0.198378
   473   0.000000 244.565266 -76.449699 -31.960922 -15.492221  -0.000000 -15.455895  -0.036326 -17.439725 274.787286 277.274661   0.196170   0.196232 276.666638   0.198377
   474   0.000000 244.399098 -76.491212 -31.932195 -15.465212  -0.000000 -15.430641  -0.034571 -17.411623 274.760882 277.244671   0.196165   0.196232 276.639004   0.198377
   475   0.000000 244.233307 -76.531530 -31.903684 -15.436167  -0.000000 -15.403266  -0.032901 -17.386521 274.734297 277.214910   0.196160   0.196232 276.611221   0.198376
   476   0.000000 244.067841 -76.570739 -31.875234 -15.405399  -0.000000 -15.374089  -0.031310 -17.364288 274.707537 277.185366   0.196155   0.196232 276.583293   0.198376
   477   0.000000 243.902657 -76.608916 -31.846705 -15.373191  -0.000000 -15.343396  -0.029795 -17.344799 274.680612 277.156030   0.196150   0.196232 276.555222   0.198376
   478   0.000000 243.737718 -76.646132 -31.817970 -15.339800  -0.000000 -15.311449  -0.028351 -17.327931 274.653527 277.126893   0.196146   0.196232 276.527012   0.198375
   479   0.000000 243.572992 -76.682453 -31.788911 -15.305456  -0.000000 -15.278482  -0.026974 -17.313566 274.626291 277.097947   0.196141   0.196232 276.498665   0.198375
   480   0.000000 243.408453 -76.717939 -31.759421 -15.270371  -0.000000 -15.244710  -0.025661 -17.301593 274.598910 277.069182   0.196136   0.196232 276.470185   0.198375
   481   0.000000 243.244075 -76.752646 -31.729403 -15.234734  -0.000000 -15.210326  -0.024408 -17.291906 274.571390 277.040591   0.196131   0.196232 276.441575   0.198374
   482   0.000000 243.079835 -76.786628 -31.698766 -15.198716  -0.000000 -15.175505  -0.023212 -17.284405 274.543739 277.012167   0.196126   0.196232 276.412838   0.198374
   483   0.000000 242.915710 -76.819934 -31.667428 -15.162471  -0.000000 -15.140402  -0.022069 -17.278997 274.515960 276.983902   0.196122   0.196232 276.383978   0.198374
   484   0.000000 242.751678 -76.852610 -31.635316 -15.126135  -0.000000 -15.105158  -0.020978 -17.275594 274.488060 276.955791   0.196117   0.196232 276.354996   0.198373
   485   0.000000 242.587719 -76.884699 -31.602363 -15.089832  -0.000000 -15.069898  -0.019934 -17.274116 274.460042 276.927826   0.196112   0.196232 276.325895   0.198373
   486   0.000000 242.423809 -76.916245 -31.568509 -15.053669  -0.000000 -15.034733  -0.018936 -17.274487 274.431911 276.900002   0.196107   0.196232 276.296676   0.198372
   487   0.000000 242.259927 -76.947284 -31.533700 -15.017742  -0.000000 -14.999761  -0.017981 -17.276640 274.403668 276.872313   0.196103   0.196232 276.267341   0.198372
   488   0.000000 242.096051 -76.977855 -31.497891 -14.982135  -0.000000 -14.965068  -0.017067 -17.280509 274.375318 276.844752   0.196098   0.196232 276.237891   0.198372
   489   0.000000 241.932158 -77.007992 -31.461041 -14.946920  -0.000000 -14.930728  -0.016192 -17.286038 274.346863 276.817316   0.196093   0.196232 276.208326   0.198371
   490   0.000000 241.768224 -77.037729 -31.423116 -14.912160  -0.000000 -14.896807  -0.015353 -17.293173 274.318303 276.789998   0.196088   0.196232 276.178647   0.198371
   491   0.000000 241.604226 -77.067097 -31.384088 -14.877908  -0.000000 -14.863359  -0.014549 -17.301865 274.289642 276.762794   0.196084   0.196232 276.148854   0.198371
   492   0.000000 241.440141 -77.096125 -31.343935 -14.844208  -0.000000 -14.830430  -0.013778 -17.312069 274.260878 276.735699   0.196079   0.196232 276.118947   0.198370
   493   0.000000 241.275944 -77.124843 -31.302640 -14.811096  -0.000000 -14.798059  -0.013038 -17.323745 274.232015 276.708708   0.196075   0.196232 276.088925   0.198370
   494   0.000000 241.111612 -77.153278 -31.260193 -14.778603  -0.000000 -14.766276  -0.012327 -17.336853 274.203051 276.681817   0.196070   0.196232 276.058788   0.198369
   495   0.000000 240.947120 -77.181454 -31.216588 -14.746752  -0.000000 -14.735106  -0.011645 -17.351360 274.173988 276.655021   0.196065   0.196232 276.028536   0.198369
   496   0.000000 240.782445 -77.209397 -31.171824 -14.715558  -0.000000 -14.704568  -0.010990 -17.367232 274.144824 276.628316   0.196061   0.196232 275.998167   0.198369
   497   0.000000 240.617564 -77.237129 -31.125905 -14.685034  -0.000000 -14.674674  -0.010360 -17.384441 274.115561 276.601697   0.196056   0.196232 275.967682   0.198368
   498   0.000000 240.452453 -77.264674 -31.078840 -14.655187  -0.000000 -14.645432  -0.009754 -17.402956 274.086197 276.575162   0.196052   0.196232 275.937078   0.198368
   499   0.000000 240.287091 -77.292051 -31.030643 -14.626018  -0.000000 -14.616846  -0.009172 -17.422751 274.056734 276.548705   0.196047   0.196232 275.906357   0.198368
   500   0.000000 240.121456 -77.319281 -30.981331 -14.597526  -0.000000 -14.588915  -0.008611 -17.443800 274.027169 276.522323   0.196043   0.196232 275.875516   0.198367
   501   0.000000 239.955527 -77.346385 -30.930927 -14.569707  -0.000000 -14.561635  -0.008072 -17.466078 273.997504 276.496013   0.196038   0.196232 275.844556   0.198367
   502   0.000000 239.789285 -77.373379 -30.879456 -14.542551  -0.000000 -14.534999  -0.007552 -17.489561 273.967738 276.469770   0.196034   0.196232 275.813476   0.198367
   503   0.000000 239.622711 -77.400281 -30.826948 -14.516050  -0.000000 -14.508998  -0.007051 -17.514225 273.937870 276.443591   0.196029   0.196232 275.782275   0.198366
   504   0.000000 239.455788 -77.427109 -30.773435 -14.490189  -0.000000 -14.483620  -0.006569 -17.540045 273.907902 276.417473   0.196025   0.196232 275.750954   0.198366
   505   0.000000 239.288499 -77.453878 -30.714996 -14.463090  -0.000000 -14.456986  -0.006104 -17.566999 273.877718 276.391409   0.196020   0.196232 275.719419   0.198365
   506   0.000000 239.121007 -77.479916 -30.655950 -14.437120  -0.000000 -14.431463  -0.005657 -17.595837 273.847361 276.365394   0.196016   0.196232 275.687714   0.198365
   507   0.000000 238.953218 -77.505505 -30.595640 -14.411770  -0.000000 -14.406544  -0.005226 -17.626228 273.816841 276.339423   0.196012   0.196232 275.655839   0.198365
   508   0.000000 238.785068 -77.530751 -30.533852 -14.386877  -0.000000 -14.382066  -0.004811 -17.658074 273.786156 276.313492   0.196007   0.196232 275.623789   0.198364
   509   0.000000 238.616514 -77.555694 -30.470584 -14.362411  -0.000000 -14.358000  -0.004411 -17.691351 273.755305 276.287597   0.196003   0.196232 275.591559   0.198364
   510   0.000000 238.447521 -77.580358 -30.405857 -14.338352  -0.000000 -14.334327  -0.004025 -17.726045 273.724285 276.261734   0.195999   0.196232 275.559146   0.198364
   511   0.000000 238.278057 -77.604764 -30.339688 -14.314674  -0.000000 -14.311021  -0.003653 -17.762142 273.693093 276.235898   0.195994   0.196232 275.526545   0.198363
   512   0.000000 238.108095 -77.628926 -30.272100 -14.291351  -0.000000 -14.288058  -0.003293 -17.799633 273.661728 276.210086   0.195990   0.196232 275.493755   0.198363
   513   0.000000 237.937612 -77.652859 -30.203114 -14.268357  -0.000000 -14.265411  -0.002947 -17.838509 273.630185 276.184294   0.195986   0.196232 275.460770   0.198363
   514   0.000000 237.766584 -77.676571 -30.132752 -14.245665  -0.000000 -14.243053  -0.002612 -17.878761 273.598464 276.158518   0.195981   0.196232 275.427589   0.198362
   515   0.000000 237.594992 -77.700072 -30.061040 -14.223245  -0.000000 -14.220956  -0.002289 -17.920382 273.566560 276.132755   0.195977   0.196232 275.394208   0.198362
   516   0.000000 237.422815 -77.723369 -29.988001 -14.201070  -0.000000 -14.199093  -0.001977 -17.963364 273.534472 276.107000   0.195973   0.196232 275.360625   0.198361
   517   0.000000 237.250036 -77.746470 -29.913659 -14.179110  -0.000000 -14.177435  -0.001676 -18.007700 273.502196 276.081250   0.195969   0.196232 275.326836   0.198361
   518   0.000000 237.076637 -77.769380 -29.838038 -14.157338  -0.000000 -14.155953  -0.001385 -18.053382 273.469731 276.055503   0.195964   0.196232 275.292839   0.198361
   519   0.000000 236.902602 -77.792105 -29.761165 -14.135723  -0.000000 -14.134618  -0.001105 -18.100404 273.437073 276.029753   0.195960   0.196232 275.258631   0.198360
   520   0.000000 236.727915 -77.814650 -29.683063 -14.114237  -0.000000 -14.113403  -0.000834 -18.148758 273.404221 276.003998   0.195956   0.196232 275.224210   0.198360
   521   0.000000 236.552562 -77.837021 -29.603758 -14.092852  -0.000000 -14.092280  -0.000572 -18.198437 273.371172 275.978234   0.195952   0.196232 275.189573   0.198360
   522   0.000000 236.376527 -77.859220 -29.523274 -14.071539  -0.000000 -14.071219  -0.000320 -18.249435 273.337924 275.952459   0.195948   0.196232 275.154719   0.198359
   523   0.000000 236.199798 -77.881253 -29.441637 -14.050271  -0.000000 -14.050194  -0.000077 -18.301743 273.304475 275.926668   0.195979   0.196233 275.119644   0.198384
   524   0.000000 236.022361 -77.903122 -29.358873 -13.966670  -0.000000 -13.966670  -0.000000 -18.355354 273.269597 275.900826   0.196027   0.196235 275.083703   0.198418
   525   0.000000 235.844204 -77.919329 -29.299737 -13.886126  -0.000000 -13.886126  -0.000000 -18.418609 273.234047 275.874920   0.196075   0.196237 275.047304   0.198449
   526   0.000000 235.664218 -77.934357 -29.245209 -13.825577  -0.000000 -13.825577  -0.000000 -18.486115 273.198391 275.848953   0.196122   0.196238 275.010630   0.198478
   527   0.000000 235.482185 -77.950957 -29.182522 -13.770752  -0.000000 -13.770752  -0.000000 -18.553938 273.162558 275.822927   0.196168   0.196240 274.973616   0.198505
   528   0.000000 235.298500 -77.968429 -29.114238 -13.720426  -0.000000 -13.720426  -0.000000 -18.622583 273.130890 275.796971   0.196215   0.196242 274.938539   0.198530
   529   0.000000 235.113430 -78.005977 -28.952979 -13.837301  -0.000000 -13.837301  -0.000000 -18.662566 273.096595 275.771000   0.196261   0.196243 274.901900   0.198554
   530   0.000000 234.931091 -78.029152 -28.851851 -13.803704  -0.000000 -13.803704  -0.000000 -18.720839 273.061483 275.744993   0.196307   0.196245 274.865057   0.198578
   531   0.000000 234.748610 -78.048863 -28.765553 -13.785354  -0.000000 -13.785354  -0.000000 -18.784570 273.026262 275.718948   0.196353   0.196247 274.828109   0.198600
   532   0.000000 234.565126 -78.069121 -28.676149 -13.766520  -0.000000 -13.766520  -0.000000 -18.848803 272.990860 275.692864   0.196399   0.196248 274.790924   0.198621
   533   0.000000 234.380706 -78.089539 -28.584624 -13.747765  -0.000000 -13.747765  -0.000000 -18.914031 272.955249 275.666739   0.196444   0.196250 274.753493   0.198641
   534   0.000000 234.195417 -78.109926 -28.491752 -13.729283  -0.000000 -13.729283  -0.000000 -18.980432 272.919425 275.640570   0.196489   0.196252 274.715819   0.198661
   535   0.000000 234.009286 -78.130239 -28.397760 -13.710931  -0.000000 -13.710931  -0.000000 -19.048016 272.883387 275.614354   0.196534   0.196253 274.677906   0.198680
   536   0.000000 233.822328 -78.150461 -28.302760 -13.692574  -0.000000 -13.692574  -0.000000 -19.116772 272.847133 275.588089   0.196579   0.196255 274.639753   0.198698
   537   0.000000 233.634549 -78.170581 -28.206834 -13.674121  -0.000000 -13.674121  -0.000000 -19.186689 272.810664 275.561772   0.196623   0.196257 274.601362   0.198716
   538   0.000000 233.445952 -78.190593 -28.110043 -13.655504  -0.000000 -13.655504  -0.000000 -19.257758 272.773978 275.535402   0.196667   0.196258 274.562732   0.198733
   539   0.000000 233.256538 -78.210494 -28.012438 -13.636672  -0.000000 -13.636672  -0.000000 -19.329968 272.737073 275.508974   0.196711   0.196260 274.523863   0.198750
   540   0.000000 233.066306 -78.230282 -27.914058 -13.617582  -0.000000 -13.617582  -0.000000 -19.403310 272.699950 275.482488   0.196754   0.196261 274.484755   0.198766
   541   0.000000 232.875253 -78.249956 -27.810899 -13.596223  -0.000000 -13.596223  -0.000000 -19.477773 272.662487 275.455938   0.196797   0.196263 274.445287   0.198782
   542   0.000000 232.683557 -78.268811 -27.707452 -13.575421  -0.000000 -13.575421  -0.000000 -19.554157 272.624735 275.429320   0.196840   0.196265 274.405514   0.198798
   543   0.000000 232.491093 -78.287188 -27.602868 -13.554272  -0.000000 -13.554272  -0.000000 -19.632090 272.586697 275.402629   0.196883   0.196266 274.365429   0.198813
   544   0.000000 232.297767 -78.305197 -27.496907 -13.532558  -0.000000 -13.532558  -0.000000 -19.711522 272.548366 275.375863   0.196925   0.196268 274.325020   0.198828
   545   0.000000 232.103510 -78.322874 -27.389573 -13.510263  -0.000000 -13.510263  -0.000000 -19.792479 272.509734 275.349018   0.196968   0.196270 274.284280   0.198842
   546   0.000000 231.908261 -78.340244 -27.280902 -13.487382  -0.000000 -13.487382  -0.000000 -19.874989 272.470794 275.322090   0.197010   0.196271 274.243201   0.198856
   547   0.000000 231.711969 -78.357332 -27.170932 -13.463903  -0.000000 -13.463903  -0.000000 -19.959073 272.431541 275.295076   0.197051   0.196273 274.201775   0.198870
   548   0.000000 231.514587 -78.374157 -27.059704 -13.439811  -0.000000 -13.439811  -0.000000 -20.044744 272.391970 275.267972   0.197092   0.196274 274.159998   0.198884
   549   0.000000 231.316075 -78.390740 -26.947261 -13.415089  -0.000000 -13.415089  -0.000000 -20.132013 272.352076 275.240774   0.197134   0.196276 274.117865   0.198897
   550   0.000000 231.116396 -78.407099 -26.833647 -13.389720  -0.000000 -13.389720  -0.000000 -20.220882 272.311857 275.213479   0.197174   0.196278 274.075371   0.198910
   551   0.000000 230.915520 -78.423251 -26.718908 -13.363685  -0.000000 -13.363685  -0.000000 -20.311353 272.271309 275.186084   0.197215   0.196279 274.032513   0.198923
   552   0.000000 230.713417 -78.439212 -26.603092 -13.336966  -0.000000 -13.336966  -0.000000 -20.403421 272.230431 275.158585   0.197255   0.196281 273.989289   0.198935
   553   0.000000 230.510063 -78.454999 -26.486249 -13.309547  -0.000000 -13.309547  -0.000000 -20.497079 272.189220 275.130979   0.197295   0.196282 273.945697   0.198948
   554   0.000000 230.305437 -78.470626 -26.368426 -13.281410  -0.000000 -13.281410  -0.000000 -20.592317 272.147675 275.103263   0.197335   0.196284 273.901735   0.198960
   555   0.000000 230.099520 -78.486110 -26.249676 -13.252540  -0.000000 -13.252540  -0.000000 -20.689120 272.105796 275.075435   0.197374   0.196286 273.857403   0.198972
   556   0.000000 229.892295 -78.501465 -26.130051 -13.222923  -0.000000 -13.222923  -0.000000 -20.787472 272.063583 275.047490   0.197413   0.196287 273.812700   0.198983
   557   0.000000 229.683750 -78.516707 -26.009604 -13.192546  -0.000000 -13.192546  -0.000000 -20.887352 272.021036 275.019427   0.197452   0.196289 273.767627   0.198995
   558   0.000000 229.473873 -78.531850 -25.888390 -13.161398  -0.000000 -13.161398  -0.000000 -20.988738 271.978156 274.991243   0.197491   0.196290 273.722185   0.199006
   559   0.000000 229.262656 -78.546909 -25.766464 -13.129469  -0.000000 -13.129469  -0.000000 -21.091605 271.934946 274.962935   0.197529   0.196292 273.676376   0.199017
   560   0.000000 229.050092 -78.561899 -25.643882 -13.096750  -0.000000 -13.096750  -0.000000 -21.195924 271.891406 274.934501   0.197567   0.196294 273.630201   0.199028
   561   0.000000 228.836177 -78.576835 -25.520703 -13.063235  -0.000000 -13.063235  -0.000000 -21.301663 271.847540 274.905939   0.197605   0.196295 273.583664   0.199039
   562   0.000000 228.620911 -78.591734 -25.396984 -13.028919  -0.000000 -13.028919  -0.000000 -21.408791 271.803351 274.877247   0.197642   0.196297 273.536768   0.199049
   563   0.000000 228.404291 -78.606610 -25.272787 -12.993801  -0.000000 -12.993801  -0.000000 -21.517270 271.758842 274.848422   0.197680   0.196298 273.489517   0.199060
   564   0.039444 228.186322 -78.589925 -25.148172 -12.957878  -0.000000 -12.957878  -0.000000 -21.627062 271.714691 274.819485   0.197716   0.196300 273.442300   0.199070
   565   0.299562 227.967006 -78.399682 -25.012381 -12.913195  -0.000000 -12.913195  -0.000000 -21.733554 271.674135 274.790546   0.197753   0.196301 273.396965   0.199080
   566   1.458094 227.746839 -77.507487 -24.815265 -12.823253  -0.000000 -12.823253  -0.000000 -21.814878 271.649513 274.762079   0.197789   0.196303 273.360593   0.199089
   567   4.317559 227.528579 -75.323032 -24.368257 -12.551613  -0.000000 -12.551613  -0.000000 -21.787966 271.657152 274.734999   0.197824   0.196304 273.342589   0.199098
   568   9.290054 227.323458 -71.577694 -23.437026 -11.931566  -0.000000 -11.931566  -0.000000 -21.544927 271.707770 274.710457   0.197856   0.196306 273.349654   0.199105
   569  16.382590 227.153032 -66.292273 -21.889862 -10.869833  -0.000000 -10.869833  -0.000000 -21.018807 271.804391 274.689591   0.197885   0.196307 273.384840   0.199110
   570  25.390383 227.043959 -59.618419 -19.716796  -9.354341  -0.000000  -9.354341  -0.000000 -20.196403 271.945045 274.673385   0.197908   0.196308 273.448793   0.199111
   571  36.039777 227.021775 -51.742222 -16.978786  -7.416136  -0.000000  -7.416136  -0.000000 -19.098382 272.125507 274.662616   0.197924   0.196309 273.540887   0.199108
   572  48.058016 227.107253 -42.843915 -13.762871  -5.099253  -0.000000  -5.099253  -0.000000 -17.759761 272.340891 274.657859   0.197931   0.196310 273.659868   0.199099
   573  61.200008 227.315163 -33.084582 -10.158404  -2.446354  -0.000000  -2.446354  -0.000000 -16.218780 272.586384 274.659512   0.197929   0.196310 273.804172   0.199085
   574  75.255042 227.654363 -22.603866  -6.247294   0.506198   0.000000   0.506198   0.000000 -14.511896 272.857533 274.667818   0.197918   0.196310 273.972078   0.199066
   575  90.045335 228.128451 -11.521699  -2.100854   3.728450   0.000000   3.728380   0.000071 -12.671997 273.146835 274.682797   0.197907   0.196310 274.160076   0.199048
   576 105.421836 228.736560   0.074453   2.116053   7.067918   0.000000   7.066671   0.001247 -10.751735 273.474720 274.705093   0.197896   0.196310 274.408366   0.199033
