     0  98.251985 247.991806  -3.909329   1.160063  11.521257   0.000000   0.000000  11.521257   0.000000 276.269989 276.829143   0.199162   0.199166 277.191904   0.199161
     1 113.772216 248.230367  11.420299  -4.365791   8.074302   0.000000   0.000000   8.074302  -3.914075 276.782021 276.828855   0.199156   0.199165 277.535986   0.199156
     2 129.683878 247.901291  21.448670   0.468555  11.289329   0.000000   0.000000  11.289329  -0.327841 277.147267 276.839437   0.199150   0.199164 277.779111   0.199151
     3 145.892212 247.977469  32.782163   5.329090  13.468346   0.000000   0.000000  13.468346   2.154813 277.547506 276.860909   0.199145   0.199162 278.062787   0.199146
     4 162.316619 248.284898  44.341513  10.849107  15.946716   0.000000   0.000000  15.946716   4.806182 277.952593 276.892439   0.199139   0.199160 278.348246   0.199142
     5 178.888047 248.740279  56.130951  16.576934  18.617362   0.000000   0.000000  18.617362   7.421081 278.358471 276.933194   0.199133   0.199158 278.617341   0.199138
     6 195.546888 249.298586  68.078038  22.331411  21.346707   0.000000   0.000000  21.346707   9.976935 278.769685 276.982593   0.199128   0.199155 278.855044   0.199134
     7 212.241288 249.959287  80.119040  28.194662  24.328972   0.000000   0.000000  24.328972  12.509641 279.177933 277.039887   0.199122   0.199152 279.043763   0.199130
     8 228.925799 250.679318  92.215204  34.067217  27.438596   0.000000   0.000000  27.438596  14.966325 279.582649 277.104401   0.199117   0.199149 279.221656   0.199126
     9 245.560294 251.495493 104.373024  39.753111  30.730169   0.000000   0.000000  30.730169  17.347732 279.987300 277.175648   0.199111   0.199145 279.406631   0.199122
    10 262.109094 252.375042 116.515622  45.407315  34.200152   0.000000   0.000000  34.200152  19.681568 280.388133 277.253081   0.199105   0.199141 279.596719   0.199119
    11 278.540260 253.347025 128.663823  50.779285  37.824848   0.000000   0.000000  37.824848  21.945366 280.790136 277.336364   0.199100   0.199137 279.799003   0.199115
    12 294.825024 254.398298 140.757776  56.001035  41.628996   0.000000   0.000000  41.628996  24.176407 281.191392 277.425140   0.199094   0.199132 280.012055   0.199112
    13 310.937318 255.518962 152.776308  61.040484  45.590029   0.000000   0.000000  45.590029  26.363764 281.591277 277.519071   0.199089   0.199126 280.234689   0.199109
    14 326.853391 256.706530 164.701096  65.865861  49.698505   0.000000   0.000000  49.698505  28.505440 281.989867 277.617852   0.199083   0.199120 280.466786   0.199105
    15 342.551494 257.944286 176.498205  70.536139  53.951438   0.000000   0.000000  53.951438  30.604105 282.385019 277.721145   0.199078   0.199114 280.705547   0.199102
    16 358.011615 259.219338 188.149802  75.040955  58.325614   0.000000   0.000000  58.325614  32.647117 282.775434 277.828601   0.199072   0.199107 280.948832   0.199099
    17 373.215268 260.516258 199.632777  79.408057  62.803609   0.000000   0.000000  62.803609  34.627832 283.159305 277.939851   0.199067   0.199099 281.194025   0.199096
    18 388.145307 261.822350 210.930404  83.641396  67.360583   0.000000   0.000000  67.360583  36.536180 283.535292 278.054514   0.199061   0.199091 281.438997   0.199092
    19 402.785774 263.126858 222.026574  87.749752  71.974634   0.000000   0.000000  71.974634  38.365449 283.902255 278.172207   0.199055   0.199082 281.681969   0.199089
    20 417.121775 264.420234 232.906302  91.742412  76.624218   0.000000   0.000000  76.624218  40.110332 284.259210 278.292550   0.199050   0.199073 281.921377   0.199086
    21 431.139368 265.695375 243.557020  95.621383  81.288677   0.000000   0.000000  81.288677  41.766623 284.605491 278.415169   0.199044   0.199064 282.156092   0.199083
    22 444.825472 266.946812 253.966894  99.389404  85.950481   0.000000   0.000000  85.950481  43.332255 284.940610 278.539706   0.199039   0.199053 282.385271   0.199080
    23 458.167792 268.170610 264.125333 103.046399  90.593461   0.000000   0.000000  90.593461  44.806326 285.264277 278.665820   0.199033   0.199042 282.608334   0.199076
    24 476.381544 269.364162 278.204043 106.590972  95.303458   0.000000   0.000000  95.303458  46.189204 285.660763 278.795711   0.199027   0.199031 282.830243   0.199073
    25 489.031768 270.525805 287.422089 112.535073 101.212678   0.000000   0.000000 101.212678  48.055361 285.944041 278.925801   0.199022   0.199019 283.039058   0.199070
    26 501.303995 271.700395 296.924425 115.112610 105.462100   0.000000   0.000000 105.462100  49.127682 286.241919 279.056672   0.199016   0.199006 283.250198   0.199067
    27 513.188552 272.818306 305.981995 118.473672 110.071681   0.000000   0.000000 110.071681  50.296730 286.520293 279.187820   0.199010   0.198993 283.450261   0.199063
    28 524.676294 273.901893 314.784954 121.472277 114.468717   0.000000   0.000000 114.468717  51.327313 286.788970 279.319069   0.199005   0.198979 283.643559   0.199060
    29 535.758573 274.947489 323.272815 124.417298 118.807868   0.000000   0.000000 118.807868  52.289307 287.045747 279.450184   0.198999   0.198965 283.829424   0.199057
    30 546.427216 275.957799 331.453536 127.221149 123.039252   0.000000   0.000000 123.039252  53.168943 287.291604 279.580970   0.198993   0.198950 284.008409   0.199054
    31 556.674497 276.933405 339.316889 129.904941 127.169224   0.000000   0.000000 127.169224  53.974437 287.526612 279.711242   0.198987   0.198935 284.180666   0.199050
    32 566.493120 277.875230 346.857983 132.460805 131.188062   0.000000   0.000000 131.188062  54.707593 287.751058 279.840831   0.198982   0.198919 284.346413   0.199047
    33 575.876204 278.783990 354.070926 134.889165 135.090294   0.000000   0.000000 135.090294  55.371588 287.965146 279.969580   0.198976   0.198903 284.505824   0.199044
    34 584.817264 279.660420 360.950549 137.188512 138.869354   0.000000   0.000000 138.869354  55.968960 288.169086 280.097344   0.198970   0.198886 284.659079   0.199040
    35 593.310204 280.505255 367.491942 139.358065 142.519249   0.000000   0.000000 142.519249  56.502193 288.363073 280.223988   0.198964   0.198869 284.806351   0.199037
    36 601.349298 281.319254 373.690577 141.396931 146.034255   0.000000   0.000000 146.034255  56.973594 288.547292 280.349386   0.198958   0.198852 284.947817   0.199033
    37 608.929187 282.103202 379.542258 143.334284 149.422333   0.000000   0.000000 149.422333  57.385342 288.721116 280.473396   0.198952   0.198834 285.083768   0.199030
    38 616.044869 282.858607 385.048062 145.136438 152.659885   0.000000   0.000000 152.659885  57.734038 288.885054 280.595898   0.198946   0.198815 285.214499   0.199026
    39 622.691687 283.586241 390.202606 146.811118 155.748403   0.000000   0.000000 155.748403  58.024093 289.039266 280.716778   0.198940   0.198797 285.340165   0.199023
    40 628.865330 284.287003 395.002732 148.354850 158.682782   0.000000   0.000000 158.682782  58.257416 289.183973 280.835934   0.198933   0.198778 285.460944   0.199019
    41 634.561822 284.961698 399.445111 149.767096 161.459985   0.000000   0.000000 161.459985  58.436272 289.319355 280.953270   0.198927   0.198758 285.576992   0.199016
    42 639.777518 285.611085 403.526831 151.046524 164.076721   0.000000   0.000000 164.076721  58.562594 289.445585 281.068697   0.198921   0.198739 285.688458   0.199012
    43 644.509101 286.235870 407.245209 152.192031 166.530083   0.000000   0.000000 166.530083  58.638211 289.562822 281.182134   0.198915   0.198719 285.795475   0.199009
    44 648.753579 286.836703 410.597820 153.202481 168.817377   0.000000   0.000000 168.817377  58.664817 289.671216 281.293502   0.198908   0.198698 285.898167   0.199005
    45 652.508280 287.414183 413.582478 154.076781 170.936186   0.000000   0.000000 170.936186  58.644000 289.770909 281.402731   0.198902   0.198678 285.996643   0.199002
    46 655.770848 287.968859 416.197239 154.813853 172.884367   0.000000   0.000000 172.884367  58.577246 289.862033 281.509754   0.198896   0.198657 286.091005   0.198998
    47 658.539247 288.501238 418.440397 155.412646 174.660063   0.000000   0.000000 174.660063  58.465950 289.944711 281.614508   0.198889   0.198636 286.181341   0.198994
    48 660.811751 289.011782 420.310486 155.872135 176.261729   0.000000   0.000000 176.261729  58.311421 290.019059 281.716934   0.198883   0.198615 286.267733   0.198991
    49 662.586950 289.500912 421.806282 156.191313 177.688149   0.000000   0.000000 177.688149  58.114879 290.085184 281.816976   0.198876   0.198594 286.350253   0.198987
    50 663.863741 289.969015 422.926810 156.369178 178.938428   0.000000   0.000000 178.938428  57.877458 290.143184 281.914582   0.198869   0.198572 286.428962   0.198983
    51 664.641335 290.416444 423.671346 156.404734 180.011977   0.000000   0.000000 180.011977  57.600209 290.193146 282.009703   0.198863   0.198551 286.503919   0.198980
    52 664.919250 290.843523 424.039420 156.296988 180.908486   0.000000   0.000000 180.908486  57.284103 290.235153 282.102290   0.198856   0.198529 286.575172   0.198976
    53 664.697315 291.250555 424.030818 156.044961 181.627904   0.000000   0.000000 181.627904  56.930040 290.269278 282.192299   0.198849   0.198507 286.642767   0.198972
    54 663.975667 291.637824 423.645583 155.647703 182.170410   0.000000   0.000000 182.170410  56.538855 290.295590 282.279686   0.198842   0.198485 286.706743   0.198969
    55 662.754752 292.005599 422.884010 155.104313 182.536393   0.000000   0.000000 182.536393  56.111328 290.314152 282.364411   0.198835   0.198464 286.767136   0.198965
    56 661.035327 292.354133 421.746645 154.413966 182.726435   0.000000   0.000000 182.726435  55.648190 290.325022 282.446433   0.198829   0.198442 286.823979   0.198961
    57 658.818456 292.683665 420.234283 153.575927 182.741291   0.000000   0.000000 182.741291  55.150125 290.328253 282.525714   0.198822   0.198420 286.877299   0.198958
    58 656.105517 292.994416 418.347966 152.589578 182.581873   0.000000   0.000000 182.581873  54.617778 290.323896 282.602217   0.198814   0.198398 286.927120   0.198954
    59 652.898200 293.286588 416.088977 151.454432 182.249242   0.000000   0.000000 182.249242  54.051753 290.311995 282.675907   0.198807   0.198376 286.973461   0.198950
    60 649.198507 293.560360 413.458842 150.170147 181.744592   0.000000   0.000000 181.744592  53.452615 290.292591 282.746749   0.198800   0.198354 287.016335   0.198947
    61 645.008758 293.815883 410.459330 148.736547 181.069248   0.000000   0.000000 181.069248  52.820894 290.265722 282.814711   0.198793   0.198332 287.055751   0.198943
    62 640.331587 294.053279 407.092445 147.153628 180.224648   0.000000   0.000000 180.224648  52.157078 290.231417 282.879758   0.198786   0.198311 287.091708   0.198939
    63 635.169953 294.272632 403.360433 145.421570 179.212346   0.000000   0.000000 179.212346  51.461614 290.189705 282.941860   0.198779   0.198289 287.124201   0.198936
    64 629.527135 294.473994 399.265783 143.540736 178.034000   0.000000   0.000000 178.034000  50.734913 290.140606 283.000986   0.198771   0.198268 287.153215   0.198932
    65 623.406742 294.657375 394.811224 141.511678 176.691376   0.000000   0.000000 176.691376  49.977338 290.084135 283.057105   0.198764   0.198247 287.178726   0.198928
    66 616.812711 294.822748 389.999739 139.335127 175.186345   0.000000   0.000000 175.186345  49.189214 290.020304 283.110186   0.198756   0.198226 287.200704   0.198925
    67 609.749317 294.970048 384.834559 137.011993 173.520885   0.000000   0.000000 173.520885  48.370825 289.949116 283.160200   0.198749   0.198205 287.219108   0.198921
    68 602.221176 295.099177 379.319177 134.543357 171.697091   0.000000   0.000000 171.697091  47.522414 289.870572 283.207116   0.198741   0.198184 287.233890   0.198918
    69 594.233253 295.210001 373.457353 131.930466 169.717174   0.000000   0.000000 169.717174  46.644187 289.784665 283.250906   0.198734   0.198164 287.244993   0.198914
    70 585.790866 295.302359 367.253116 129.174730 167.583475   0.000000   0.000000 167.583475  45.736314 289.691385 283.291538   0.198726   0.198144 287.252353   0.198911
    71 576.899699 295.376060 360.710781 126.277713 165.298470   0.000000   0.000000 165.298470  44.798932 289.590718 283.328983   0.198719   0.198124 287.255897   0.198907
    72 567.565807 295.430893 353.834951 123.241136 162.864777   0.000000   0.000000 162.864777  43.832146 289.482644 283.363211   0.198711   0.198104 287.255542   0.198904
    73 557.795629 295.466624 346.630531 120.074877 160.289725   0.000000   0.000000 160.289725  42.836033 289.366933 283.394185   0.198703   0.198085 287.251205   0.198900
    74 547.596003 295.483136 339.103974 116.771716 157.570353   0.000000   0.000000 157.570353  41.809235 289.243648 283.421872   0.198695   0.198066 287.242808   0.198897
    75 536.974177 295.480090 331.260264 113.335906 154.711461   0.000000   0.000000 154.711461  40.752435 289.112767 283.446237   0.198688   0.198048 287.230225   0.198893
    76 525.937826 295.457185 323.105215 109.769153 151.716113   0.000000   0.000000 151.716113  39.665709 288.974277 283.467249   0.198680   0.198030 287.213329   0.198890
    77 514.495075 295.414097 314.644917 106.073968 148.587935   0.000000   0.000000 148.587935  38.549196 288.828154 283.484874   0.198672   0.198012 287.191983   0.198887
    78 502.654516 295.350493 305.885878 102.252899 145.330605   0.000000   0.000000 145.330605  37.402957 288.674369 283.499079   0.198664   0.197994 287.166038   0.198883
    79 490.425237 295.266033 296.835002  98.308736 141.947988   0.000000   0.000000 141.947988  36.227027 288.512890 283.509832   0.198656   0.197977 287.135330   0.198880
    80 477.816851 295.160371 287.499623  94.244483 138.444113   0.000000   0.000000 138.444113  35.021409 288.343681 283.517098   0.198648   0.197961 287.099682   0.198877
    81 464.839530 295.033153 277.887522  90.063396 134.823188   0.000000   0.000000 134.823188  33.786082 288.166703 283.520845   0.198640   0.197945 287.058896   0.198874
    82 451.504044 294.884020 268.006963  85.769006 131.089593   0.000000   0.000000 131.089593  32.521004 287.981913 283.521039   0.198632   0.197929 287.012750   0.198871
    83 437.821809 294.712610 257.866726  81.365151 127.247883   0.000000   0.000000 127.247883  31.226114 287.789265 283.517645   0.198624   0.197914 286.960994   0.198868
    84 423.804940 294.518555 247.476149  76.856018 123.302782   0.000000   0.000000 123.302782  29.901336 287.588712 283.510630   0.198616   0.197899 286.903340   0.198864
    85 409.466315 294.301485 236.845175  72.246180 119.259182   0.000000   0.000000 119.259182  28.546578 287.380205 283.499957   0.198608   0.197884 286.839448   0.198861
    86 394.819646 294.061025 225.984418  67.540658 115.122134   0.000000   0.000000 115.122134  27.161735 287.163691 283.485592   0.198600   0.197871 286.768903   0.198859
    87 379.879570 293.796800 214.905222  62.744981 110.896841   0.000000   0.000000 110.896841  25.746693 286.939118 283.467499   0.198591   0.197857 286.691183   0.198856
    88 364.661749 293.508431 203.619749  57.865263 106.588642   0.000000   0.000000 106.588642  24.301328 286.706429 283.445642   0.198583   0.197845 286.605582   0.198853
    89 349.182992 293.195540 192.141074  52.908294 102.202999   0.000000   0.000000 102.202999  22.825507 286.465570 283.419985   0.198575   0.197832 286.511035   0.198850
    90 333.461400 292.857751 180.483301  47.881661  97.745468   0.000000   0.000000  97.745468  21.319093 286.216482 283.390490   0.198567   0.197821 286.405422   0.198847
    91 317.516536 292.494692 168.661701  42.793888  93.221662   0.000000   0.000000  93.221662  19.781941 285.959106 283.357120   0.198559   0.197809 286.282759   0.198845
    92 301.369632 292.106001 156.692884  37.654624  88.637195   0.000000   0.000000  88.637195  18.213902 285.693382 283.319837   0.198551   0.197799 286.144808   0.198842
    93 285.043833 291.691328 144.594999  32.474889  83.997587   0.000000   0.000000  83.997587  16.614816 285.419247 283.278603   0.198542   0.197789 285.992916   0.198839
    94 268.564502 291.250351 132.387994  27.267417  79.308109   0.000000   0.000000  79.308109  14.984510 285.136634 283.233379   0.198534   0.197779 285.827929   0.198837
    95 251.959572 290.782786 120.093920  22.047149  74.573505   0.000000   0.000000  74.573505  13.322783 284.845466 283.184126   0.198526   0.197770 285.650541   0.198834
    96 235.259997 290.288408 107.737332  16.832010  69.797465   0.000000   0.000000  69.797465  11.629378 284.545649 283.130803   0.198518   0.197762 285.461325   0.198832
    97 218.500280 289.767093  95.345795  11.644250  64.981513   0.000000   0.000000  64.981513   9.903927 284.237058 283.073366   0.198509   0.197754 285.260747   0.198829
    98 201.719146 289.218877  82.950559   6.513109  60.122301   0.000000   0.000000  60.122301   8.145842 283.919496 283.011769   0.198501   0.197747 285.049178   0.198827
    99 184.960353 288.644090  70.587505   1.481504  55.203175   0.000000   0.000000  55.203175   6.354090 283.592630 282.945958   0.198493   0.197740 284.826889   0.198825
   100 168.273713 288.043659  58.298622  -3.366550  50.145994   0.000000   0.000000  50.145994   4.526708 283.255884 282.875863   0.198485   0.197734 284.485622   0.198823
   101 151.716355 287.665607  46.372601  -7.006765  37.263403   0.000000   0.000000  37.263403   2.660150 283.050412 282.805643   0.198477   0.197730 284.292269   0.198821
   102 135.354305 287.071265  33.732594  -7.841756  31.567355   0.000000   0.000000  31.567355   1.713383 282.699748 282.730788   0.198468   0.197726 284.005916   0.198819
   103 119.264457 286.479853  22.033139 -10.048052  25.532681   0.000000   0.000000  25.532681  -0.217278 282.290816 282.649831   0.198460   0.197723 283.688127   0.198817
   104 103.537032 285.809190  10.828694 -12.226769  20.371886   0.000000   0.000000  20.371886  -2.513104 281.819569 282.561321   0.198452   0.197720 283.324139   0.198815
   105  88.278616 285.056273   0.217811 -14.315533  15.729210   0.000000   0.000000  15.729210  -5.192264 281.295332 282.464210   0.198444   0.197719 282.917940   0.198813
   106  73.615845 284.223609  -9.746015 -16.248441  11.644046   0.000000   0.000000  11.644046  -8.182149 280.726608 282.357787   0.198436   0.197717 282.473809   0.198811
   107  59.699709 283.315193 -18.983802 -17.992639   8.112339   0.000000   0.000000   8.112339 -11.418259 280.123888 282.241703   0.198428   0.197716 281.996936   0.198810
   108  46.710194 282.331628 -27.405596 -19.480598   5.111947   0.000000   0.000000   5.111947 -14.824704 279.498087 282.115945   0.198420   0.197716 281.496024   0.198808
   109  34.860288 281.276811 -34.892755 -20.741977   2.675238   0.000000   0.000000   2.675238 -18.325006 278.864379 281.980940   0.198412   0.197715 280.984008   0.198806
   110  24.396919 280.162246 -41.311101 -21.841987   0.846887   0.000000   0.000000   0.846887 -21.815927 278.243220 281.837663   0.198404   0.197715 280.477804   0.198805
   111  15.593004 278.997630 -46.530511 -22.820507  -0.335028  -0.000000  -0.000000  -0.335028 -25.161099 277.657433 281.687668   0.198396   0.197715 279.995603   0.198803
   112   8.717989 277.789944 -50.434822 -23.693470  -0.867409  -0.000000  -0.012461  -0.854948 -28.211646 277.131528 281.533086   0.198388   0.197715 279.556190   0.198802
   113   3.963047 276.544800 -52.977156 -24.447035  -0.855085  -0.000000  -0.045587  -0.809499 -30.810906 276.691354 281.376617   0.198380   0.197715 279.179591   0.198800
   114   1.291982 275.266725 -54.297665 -25.069459  -0.588963  -0.000000  -0.083394  -0.505569 -32.796845 276.362893 281.221494   0.198372   0.197715 278.886360   0.198799
   115   0.252888 273.964675 -54.864051 -25.561937  -0.410971  -0.000000  -0.114585  -0.296386 -34.010209 276.151911 281.070833   0.198364   0.197715 278.681281   0.198798
   116   0.033539 272.650854 -55.335395 -25.922937  -0.385831  -0.000000  -0.138436  -0.247395 -34.432457 276.020085 280.926340   0.198357   0.197715 278.534740   0.198796
   117   0.000000 271.338579 -56.024860 -26.158419  -0.401245  -0.000000  -0.159562  -0.241683 -34.343785 275.916744 280.788087   0.198349   0.197716 278.408043   0.198795
   118   0.000000 270.040689 -56.806016 -26.297827  -0.424266  -0.000000  -0.180936  -0.243330 -34.099398 275.819107 280.655499   0.198341   0.197716 278.284660   0.198794
   119   0.000000 268.766996 -57.590568 -26.377590  -0.448298  -0.000000  -0.203839  -0.244458 -33.854746 275.720774 280.527910   0.198333   0.197716 278.160606   0.198792
   120   0.000000 267.523196 -58.343394 -26.424076  -0.474486  -0.000000  -0.228750  -0.245736 -33.649950 275.621619 280.404743   0.198326   0.197716 278.036341   0.198791
   121   0.000000 266.311788 -59.061495 -26.449867  -0.502977  -0.000000  -0.255859  -0.247118 -33.481867 275.522477 280.285528   0.198318   0.197716 277.912730   0.198790
   122   0.000000 265.133155 -59.748359 -26.458551  -0.533743  -0.000000  -0.285268  -0.248475 -33.341358 275.423865 280.169878   0.198310   0.197716 277.790280   0.198789
   123   0.000000 263.986900 -60.406742 -26.452681  -0.566816  -0.000000  -0.317091  -0.249725 -33.222096 275.326096 280.057467   0.198303   0.197716 277.669350   0.198787
   124   0.000000 262.872881 -61.038216 -26.436789  -0.602288  -0.000000  -0.351473  -0.250814 -33.119600 275.229545 279.948024   0.198295   0.197716 277.550356   0.198786
   125   0.000000 261.791132 -61.644455 -26.415349  -0.640251  -0.000000  -0.388560  -0.251691 -33.029356 275.134614 279.841328   0.198288   0.197716 277.433699   0.198785
   126   0.000000 260.741506 -62.227422 -26.391064  -0.680797  -0.000000  -0.428489  -0.252308 -32.946999 275.041607 279.737195   0.198280   0.197716 277.319648   0.198784
   127   0.000000 259.723585 -62.788891 -26.364826  -0.724020  -0.000000  -0.471385  -0.252636 -32.869112 274.950681 279.635469   0.198272   0.197716 277.208315   0.198783
   128   0.000000 258.736753 -63.330149 -26.336297  -0.770029  -0.000000  -0.517367  -0.252662 -32.793515 274.861862 279.536016   0.198265   0.197716 277.099680   0.198782
   129   0.000000 257.780257 -63.852020 -26.304276  -0.818937  -0.000000  -0.566546  -0.252391 -32.719076 274.775076 279.438715   0.198258   0.197716 276.993633   0.198780
   130   0.000000 256.853210 -64.354995 -26.267487  -0.870864  -0.000000  -0.619029  -0.251836 -32.645476 274.690200 279.343458   0.198250   0.197716 276.890049   0.198779
   131   0.000000 255.954785 -64.839293 -26.225847  -0.925957  -0.000000  -0.674940  -0.251017 -32.572805 274.607161 279.250145   0.198243   0.197716 276.788871   0.198778
   132   0.000000 255.084340 -65.305176 -26.180398  -0.984369  -0.000000  -0.734420  -0.249949 -32.500889 274.525972 279.158690   0.198235   0.197716 276.690122   0.198777
   133   0.000000 254.241321 -65.753218 -26.132358  -1.046249  -0.000000  -0.797608  -0.248641 -32.429027 274.446691 279.069016   0.198228   0.197716 276.593853   0.198776
   134   0.000000 253.425129 -66.184247 -26.082450  -1.111731  -0.000000  -0.864634  -0.247097 -32.356272 274.369369 278.981057   0.198221   0.197716 276.500090   0.198775
   135   0.000000 252.635061 -66.599143 -26.030738  -1.180932  -0.000000  -0.935608  -0.245324 -32.281820 274.294009 278.894755   0.198213   0.197716 276.408808   0.198774
   136   0.000000 251.870315 -66.998682 -25.976954  -1.253964  -0.000000  -1.010631  -0.243333 -32.205225 274.220576 278.810055   0.198206   0.197716 276.319954   0.198773
   137   0.000000 251.130066 -67.383484 -25.921007  -1.330940  -0.000000  -1.089804  -0.241135 -32.126356 274.149026 278.726908   0.198199   0.197716 276.233471   0.198772
   138   0.000000 250.413527 -67.754091 -25.863131  -1.411975  -0.000000  -1.173230  -0.238745 -32.045169 274.079330 278.645266   0.198192   0.197716 276.149319   0.198771
   139   0.000000 249.719950 -68.111075 -25.803668  -1.497182  -0.000000  -1.261008  -0.236175 -31.961549 274.011472 278.565089   0.198185   0.197716 276.067464   0.198769
   140   0.000000 249.048579 -68.455073 -25.742794  -1.586658  -0.000000  -1.353224  -0.233434 -31.875319 273.945429 278.486336   0.198177   0.197716 275.987866   0.198768
   141   0.000000 248.398631 -68.786731 -25.680512  -1.680487  -0.000000  -1.449953  -0.230534 -31.786353 273.881168 278.408973   0.198170   0.197716 275.910471   0.198767
   142   0.000000 247.769310 -69.106654 -25.616803  -1.778744  -0.000000  -1.551257  -0.227486 -31.694632 273.818650 278.332965   0.198163   0.197716 275.835220   0.198766
   143   0.000000 247.159835 -69.415397 -25.551713  -1.881494  -0.000000  -1.657193  -0.224301 -31.600203 273.757831 278.258278   0.198156   0.197716 275.762056   0.198765
   144   0.000000 246.569442 -69.713497 -25.485289  -1.988791  -0.000000  -1.767802  -0.220988 -31.503128 273.698672 278.184884   0.198149   0.197716 275.690918   0.198764
   145   0.000000 245.997377 -70.001485 -25.419092  -2.100790  -0.000000  -1.883231  -0.217559 -31.403480 273.641208 278.112753   0.198142   0.197716 275.621825   0.198763
   146   0.000000 245.442790 -70.280331 -25.352107  -2.217488  -0.000000  -2.003472  -0.214016 -31.300820 273.585375 278.041861   0.198135   0.197716 275.554685   0.198762
   147   0.000000 244.904922 -70.550473 -25.283865  -2.338882  -0.000000  -2.128511  -0.210371 -31.195401 273.531095 277.972179   0.198128   0.197716 275.489401   0.198761
   148   0.000000 244.383069 -70.812227 -25.214142  -2.464956  -0.000000  -2.258322  -0.206634 -31.087586 273.478296 277.903681   0.198121   0.197716 275.425887   0.198760
   149   0.000000 243.876553 -71.065912 -25.142797  -2.595675  -0.000000  -2.392860  -0.202816 -30.977695 273.426912 277.836341   0.198114   0.197716 275.364064   0.198759
   150   0.000000 243.384719 -71.311853 -25.069722  -2.730987  -0.000000  -2.532063  -0.198924 -30.866003 273.376881 277.770132   0.198107   0.197716 275.303856   0.198758
   151   0.000000 242.906934 -71.550380 -24.994823  -2.870818  -0.000000  -2.675849  -0.194969 -30.752758 273.328144 277.705028   0.198100   0.197716 275.245192   0.198757
   152   0.000000 242.442585 -71.781813 -24.918016  -3.015069  -0.000000  -2.824111  -0.190959 -30.638191 273.280644 277.641005   0.198094   0.197716 275.188000   0.198756
   153   0.000000 241.991082 -72.006453 -24.839232  -3.163620  -0.000000  -2.976720  -0.186900 -30.522528 273.234324 277.578036   0.198087   0.197717 275.132213   0.198755
   154   0.000000 241.551862 -72.224587 -24.758421  -3.316324  -0.000000  -3.133523  -0.182801 -30.405987 273.189129 277.516098   0.198080   0.197717 275.077765   0.198754
   155   0.000000 241.124386 -72.436480 -24.675545  -3.473010  -0.000000  -3.294342  -0.178668 -30.288785 273.145472 277.455180   0.198073   0.197717 275.024874   0.198753
   156   0.000000 240.708139 -72.644475 -24.586475  -3.644562  -0.000000  -3.469528  -0.175034 -30.167955 273.102669 277.395251   0.198067   0.197717 274.973098   0.198752
   157   0.000000 240.302874 -72.845741 -24.497062  -3.814941  -0.000000  -3.643859  -0.171082 -30.048069 273.060862 277.336287   0.198060   0.197717 274.922509   0.198752
   158   0.000000 239.908033 -73.041446 -24.405524  -3.989088  -0.000000  -3.821995  -0.167092 -29.927974 273.020006 277.278266   0.198053   0.197717 274.873046   0.198751
   159   0.000000 239.523176 -73.231807 -24.311859  -4.166729  -0.000000  -4.003655  -0.163074 -29.807821 272.980052 277.221165   0.198046   0.197717 274.824656   0.198750
   160   0.000000 239.147897 -73.417000 -24.216114  -4.347563  -0.000000  -4.188529  -0.159034 -29.687790 272.940952 277.164961   0.198040   0.197717 274.777283   0.198749
   161   0.000000 238.781810 -73.597171 -24.118367  -4.531260  -0.000000  -4.376281  -0.154979 -29.568065 272.902658 277.109632   0.198033   0.197717 274.730876   0.198748
   162   0.000000 238.424558 -73.772451 -24.018724  -4.717464  -0.000000  -4.566546  -0.150918 -29.448823 272.865122 277.055156   0.198027   0.197717 274.685387   0.198747
   163   0.000000 238.075800 -73.942956 -23.917313  -4.905794  -0.000000  -4.758937  -0.146857 -29.330235 272.828301 277.001511   0.198020   0.197717 274.640768   0.198746
   164   0.000000 237.735221 -74.108787 -23.814284  -5.095846  -0.000000  -4.953043  -0.142802 -29.212465 272.792150 276.948674   0.198014   0.197717 274.596974   0.198745
   165   0.000000 237.402522 -74.270034 -23.709804  -5.287193  -0.000000  -5.148432  -0.138761 -29.095671 272.756626 276.896626   0.198007   0.197717 274.553963   0.198744
   166   0.000000 237.077420 -74.426774 -23.604062  -5.479392  -0.000000  -5.344652  -0.134740 -28.980003 272.721687 276.845345   0.198000   0.197717 274.511692   0.198743
   167   0.000000 236.759650 -74.579077 -23.497261  -5.671983  -0.000000  -5.541239  -0.130744 -28.865605 272.687293 276.794810   0.197994   0.197717 274.470124   0.198742
   168   0.000000 236.448958 -74.727003 -23.389620  -5.864494  -0.000000  -5.737714  -0.126780 -28.752617 272.653404 276.745000   0.197988   0.197717 274.429220   0.198741
   169   0.000000 236.145103 -74.870606 -23.281369  -6.056445  -0.000000  -5.933593  -0.122853 -28.641171 272.619981 276.695895   0.197981   0.197717 274.388942   0.198741
   170   0.000000 235.847856 -75.009937 -23.172747  -6.247352  -0.000000  -6.128384  -0.118968 -28.531396 272.586987 276.647475   0.197975   0.197717 274.349257   0.198740
   171   0.000000 235.556993 -75.145041 -23.063999  -6.436730  -0.000000  -6.321598  -0.115131 -28.423413 272.554386 276.599720   0.197968   0.197717 274.310131   0.198739
   172   0.000000 235.272298 -75.275961 -22.955372  -6.624097  -0.000000  -6.512750  -0.111347 -28.317341 272.522141 276.552611   0.197962   0.197717 274.271529   0.198738
   173   0.000000 234.993562 -75.402742 -22.847114  -6.808980  -0.000000  -6.701361  -0.107619 -28.213291 272.490218 276.506129   0.197956   0.197717 274.233419   0.198737
   174   0.000000 234.720578 -75.525426 -22.739466  -6.990920  -0.000000  -6.886968  -0.103952 -28.111373 272.458582 276.460253   0.197949   0.197717 274.195771   0.198736
   175   0.000000 234.453141 -75.644058 -22.632665  -7.169472  -0.000000  -7.069122  -0.100350 -28.011692 272.427201 276.414965   0.197943   0.197717 274.158552   0.198735
   176   0.000000 234.191050 -75.758686 -22.526937  -7.344212  -0.000000  -7.247396  -0.096816 -27.914347 272.396042 276.370247   0.197937   0.197717 274.121732   0.198734
   177   0.000000 233.934103 -75.869359 -22.422497  -7.514742  -0.000000  -7.421389  -0.093353 -27.819435 272.365073 276.326080   0.197931   0.197717 274.085281   0.198733
   178   0.000000 233.682099 -75.976131 -22.319542  -7.680691  -0.000000  -7.590727  -0.089965 -27.727047 272.334264 276.282446   0.197924   0.197717 274.049169   0.198733
   179   0.000000 233.434837 -76.079060 -22.218258  -7.841720  -0.000000  -7.755068  -0.086653 -27.637271 272.303585 276.239326   0.197918   0.197717 274.013367   0.198732
   180   0.000000 233.192113 -76.178211 -22.118808  -7.997523  -0.000000  -7.914104  -0.083419 -27.550189 272.273008 276.196704   0.197912   0.197717 273.977845   0.198731
   181   0.000000 232.953726 -76.273652 -22.018226  -8.146690  -0.000000  -8.066424  -0.080266 -27.465877 272.242348 276.154557   0.197906   0.197717 273.942414   0.198730
   182   0.000000 232.719637 -76.364607 -21.919181  -8.289358  -0.000000  -8.212159  -0.077199 -27.385463 272.211601 276.112864   0.197900   0.197717 273.907084   0.198729
   183   0.000000 232.489602 -76.451285 -21.822132  -8.425515  -0.000000  -8.351295  -0.074220 -27.308844 272.180770 276.071606   0.197894   0.197717 273.871852   0.198728
   184   0.000000 232.263334 -76.533986 -21.727050  -8.555092  -0.000000  -8.483764  -0.071328 -27.235852 272.149846 276.030765   0.197888   0.197717 273.836698   0.198727
   185   0.000000 232.040553 -76.612935 -21.633882  -8.678025  -0.000000  -8.609504  -0.068521 -27.166430 272.118808 275.990321   0.197882   0.197717 273.801594   0.198727
   186   0.000000 231.820993 -76.688305 -21.542611  -8.794283  -0.000000  -8.728483  -0.065800 -27.100591 272.087635 275.950259   0.197875   0.197717 273.766511   0.198726
   187   0.000000 231.604400 -76.760244 -21.453229  -8.903870  -0.000000  -8.840706  -0.063164 -27.038366 272.056305 275.910561   0.197869   0.197717 273.731421   0.198725
   188   0.000000 231.390529 -76.828892 -21.365715  -9.006827  -0.000000  -8.946215  -0.060611 -26.979788 272.024797 275.871209   0.197863   0.197717 273.696297   0.198724
   189   0.000000 231.179145 -76.894389 -21.280031  -9.103227  -0.000000  -9.045085  -0.058142 -26.924884 271.993091 275.832187   0.197858   0.197717 273.661113   0.198723
   190   0.000000 230.970020 -76.956871 -21.196123  -9.193174  -0.000000  -9.137419  -0.055754 -26.873670 271.961172 275.793480   0.197852   0.197717 273.625843   0.198722
   191   0.000000 230.762934 -77.016475 -21.113914  -9.276799  -0.000000  -9.223352  -0.053447 -26.826156 271.929022 275.755071   0.197846   0.197717 273.590465   0.198722
   192   0.000000 230.557674 -77.073337 -21.033318  -9.354261  -0.000000  -9.303041  -0.051219 -26.782346 271.896626 275.716945   0.197840   0.197717 273.554955   0.198721
   193   0.000000 230.354037 -77.127593 -20.954232  -9.425735  -0.000000  -9.376666  -0.049068 -26.742235 271.863972 275.679088   0.197834   0.197717 273.519293   0.198720
   194   0.000000 230.151826 -77.179374 -20.876543  -9.491417  -0.000000  -9.444424  -0.046993 -26.705810 271.831048 275.641485   0.197828   0.197717 273.483459   0.198719
   195   0.000000 229.950853 -77.228811 -20.800130  -9.551519  -0.000000  -9.506528  -0.044991 -26.673056 271.797843 275.604121   0.197822   0.197717 273.447434   0.198718
   196   0.000000 229.750937 -77.276033 -20.724862  -9.606261  -0.000000  -9.563200  -0.043061 -26.643948 271.764346 275.566983   0.197816   0.197717 273.411200   0.198718
   197   0.000000 229.551907 -77.321166 -20.650608  -9.655876  -0.000000  -9.614675  -0.041200 -26.618459 271.730551 275.530059   0.197811   0.197717 273.374741   0.198717
   198   0.000000 229.353598 -77.364331 -20.577231  -9.700598  -0.000000  -9.661191  -0.039407 -26.596556 271.696448 275.493334   0.197805   0.197717 273.338042   0.198716
   199   0.000000 229.155856 -77.405648 -20.504593  -9.740667  -0.000000  -9.702988  -0.037679 -26.578204 271.662031 275.456797   0.197799   0.197717 273.301087   0.198715
   200   0.000000 228.958532 -77.445231 -20.432558  -9.776323  -0.000000  -9.740309  -0.036014 -26.563363 271.627294 275.420435   0.197793   0.197717 273.263864   0.198714
   201   0.000000 228.761486 -77.483192 -20.360991  -9.807805  -0.000000  -9.773395  -0.034411 -26.551989 271.592233 275.384238   0.197788   0.197717 273.226360   0.198713
   202   0.000000 228.564588 -77.519637 -20.289761  -9.835347  -0.000000  -9.802482  -0.032866 -26.544037 271.556842 275.348193   0.197782   0.197717 273.188564   0.198713
   203   0.000000 228.367713 -77.554668 -20.218740  -9.859180  -0.000000  -9.827802  -0.031378 -26.539460 271.521118 275.312291   0.197776   0.197717 273.150466   0.198712
   204   0.000000 228.170745 -77.588385 -20.147808  -9.879525  -0.000000  -9.849580  -0.029944 -26.538207 271.485058 275.276519   0.197771   0.197717 273.112057   0.198711
   205   0.000000 227.973576 -77.620880 -20.076851  -9.896598  -0.000000  -9.868035  -0.028563 -26.540226 271.448660 275.240869   0.197765   0.197717 273.073327   0.198710
   206   0.000000 227.776103 -77.652243 -20.005761  -9.910606  -0.000000  -9.883374  -0.027232 -26.545464 271.411921 275.205331   0.197759   0.197717 273.034269   0.198710
   207   0.000000 227.578232 -77.682559 -19.934439  -9.921747  -0.000000  -9.895797  -0.025950 -26.553868 271.374841 275.169895   0.197754   0.197717 272.994877   0.198709
   208   0.000000 227.379876 -77.711909 -19.862793  -9.930208  -0.000000  -9.905493  -0.024715 -26.565380 271.337417 275.134552   0.197748   0.197717 272.955145   0.198708
   209   0.000000 227.180952 -77.740368 -19.790742  -9.936166  -0.000000  -9.912642  -0.023524 -26.579945 271.299650 275.099294   0.197743   0.197717 272.915067   0.198707
   210   0.000000 226.981388 -77.768009 -19.718210  -9.939788  -0.000000  -9.917413  -0.022375 -26.597504 271.261540 275.064111   0.197737   0.197717 272.874639   0.198706
   211   0.000000 226.781112 -77.794901 -19.645134  -9.941232  -0.000000  -9.919964  -0.021268 -26.618000 271.223087 275.028997   0.197732   0.197717 272.833858   0.198706
   212   0.000000 226.580064 -77.821109 -19.571457  -9.940644  -0.000000  -9.920445  -0.020200 -26.641373 271.184291 274.993943   0.197726   0.197717 272.792720   0.198705
   213   0.000000 226.378184 -77.846694 -19.497132  -9.938162  -0.000000  -9.918993  -0.019169 -26.667563 271.145155 274.958942   0.197721   0.197717 272.751225   0.198704
   214   0.000000 226.175421 -77.871715 -19.422121  -9.933912  -0.000000  -9.915737  -0.018175 -26.696510 271.105680 274.923987   0.197715   0.197717 272.709371   0.198703
   215   0.000000 225.971727 -77.896225 -19.346394  -9.928014  -0.000000  -9.910798  -0.017215 -26.728151 271.065868 274.889071   0.197710   0.197717 272.667156   0.198703
   216   0.000000 225.767061 -77.920278 -19.269929  -9.920576  -0.000000  -9.904287  -0.016289 -26.762424 271.025721 274.854187   0.197704   0.197717 272.624582   0.198702
   217   0.000000 225.561384 -77.943923 -19.199584  -9.915242  -0.000000  -9.899848  -0.015394 -26.799266 270.985600 274.819341   0.197699   0.197717 272.582037   0.198701
   218   0.000000 225.354315 -77.969111 -19.129549  -9.910237  -0.000000  -9.895711  -0.014526 -26.836185 270.945463 274.784533   0.197694   0.197717 272.539433   0.198700
   219   0.000000 225.145924 -77.995587 -19.059242  -9.905055  -0.000000  -9.891371  -0.013684 -26.873495 270.905246 274.749765   0.197688   0.197717 272.496721   0.198699
   220   0.000000 224.936364 -78.022928 -18.989030  -9.899594  -0.000000  -9.886725  -0.012869 -26.911633 270.864924 274.715035   0.197683   0.197717 272.453889   0.198699
   221   0.000000 224.725776 -78.050884 -18.919206  -9.893832  -0.000000  -9.881752  -0.012080 -26.950776 270.824494 274.680342   0.197678   0.197717 272.410941   0.198698
   222   0.000000 224.514273 -78.079331 -18.849910  -9.887756  -0.000000  -9.876439  -0.011317 -26.990936 270.783960 274.645684   0.197672   0.197717 272.367888   0.198697
   223   0.000000 224.301952 -78.108200 -18.781205  -9.881351  -0.000000  -9.870772  -0.010579 -27.032066 270.743331 274.611060   0.197667   0.197717 272.324739   0.198696
   224   0.000000 224.088895 -78.137448 -18.713119  -9.874606  -0.000000  -9.864739  -0.009867 -27.074101 270.702615 274.576469   0.197662   0.197717 272.281504   0.198696
   225   0.000000 223.875174 -78.167036 -18.645675  -9.867510  -0.000000  -9.858332  -0.009179 -27.116978 270.661819 274.541910   0.197657   0.197717 272.238193   0.198695
   226   0.000000 223.660857 -78.196936 -18.578892  -9.860058  -0.000000  -9.851544  -0.008514 -27.160639 270.620949 274.507382   0.197652   0.197717 272.194815   0.198694
   227   0.000000 223.446002 -78.227119 -18.512786  -9.852247  -0.000000  -9.844373  -0.007874 -27.205026 270.580014 274.472884   0.197646   0.197717 272.151376   0.198693
   228   0.000000 223.230666 -78.257563 -18.447374  -9.844075  -0.000000  -9.836820  -0.007255 -27.250087 270.539019 274.438416   0.197641   0.197717 272.107885   0.198693
   229   0.000000 223.014898 -78.288246 -18.382670  -9.835545  -0.000000  -9.828886  -0.006660 -27.295774 270.497971 274.403976   0.197636   0.197717 272.064349   0.198692
   230   0.000000 222.798746 -78.319150 -18.318691  -9.826660  -0.000000  -9.820574  -0.006086 -27.342038 270.456875 274.369565   0.197631   0.197717 272.020775   0.198691
   231   0.000000 222.582253 -78.350257 -18.255448  -9.817423  -0.000000  -9.811890  -0.005533 -27.388837 270.415736 274.335183   0.197626   0.197717 271.977169   0.198690
   232   0.000000 222.365461 -78.381553 -18.192956  -9.807840  -0.000000  -9.802839  -0.005001 -27.436126 270.374561 274.300827   0.197621   0.197717 271.933538   0.198690
   233   0.000000 222.148408 -78.413023 -18.131227  -9.797918  -0.000000  -9.793428  -0.004490 -27.483866 270.333354 274.266499   0.197616   0.197717 271.889888   0.198689
   234   0.000000 221.931131 -78.444655 -18.070274  -9.787663  -0.000000  -9.783664  -0.003999 -27.532018 270.292120 274.232198   0.197611   0.197717 271.846225   0.198688
   235   0.000000 221.713665 -78.476437 -18.010108  -9.777083  -0.000000  -9.773556  -0.003527 -27.580545 270.250865 274.197924   0.197606   0.197717 271.802554   0.198688
   236   0.000000 221.496042 -78.508359 -17.950739  -9.766186  -0.000000  -9.763112  -0.003074 -27.629411 270.209593 274.163676   0.197600   0.197717 271.758882   0.198687
   237   0.000000 221.278295 -78.540411 -17.892181  -9.754981  -0.000000  -9.752342  -0.002640 -27.678581 270.168309 274.129455   0.197595   0.197717 271.715213   0.198686
   238   0.000000 221.060453 -78.572583 -17.834441  -9.743478  -0.000000  -9.741255  -0.002224 -27.728022 270.127017 274.095261   0.197591   0.197717 271.671554   0.198685
   239   0.000000 220.842546 -78.604868 -17.777532  -9.731687  -0.000000  -9.729861  -0.001825 -27.777702 270.085723 274.061093   0.197586   0.197717 271.627908   0.198685
   240   0.000000 220.624603 -78.637258 -17.721461  -9.719616  -0.000000  -9.718172  -0.001444 -27.827588 270.044429 274.026951   0.197581   0.197717 271.584282   0.198684
   241   0.000000 220.406650 -78.669745 -17.666240  -9.707277  -0.000000  -9.706196  -0.001081 -27.877651 270.003142 273.992836   0.197576   0.197717 271.540681   0.198683
   242   0.000000 220.188713 -78.702323 -17.611875  -9.694680  -0.000000  -9.693947  -0.000733 -27.927862 269.961864 273.958748   0.197571   0.197717 271.497108   0.198682
   243   0.000000 219.970819 -78.734984 -17.558377  -9.681836  -0.000000  -9.681434  -0.000402 -27.978191 269.920601 273.924688   0.197566   0.197717 271.453570   0.198682
   244   0.000000 219.752992 -78.767724 -17.505753  -9.668756  -0.000000  -9.668669  -0.000087 -28.028610 269.879355 273.890654   0.197561   0.197717 271.410071   0.198681
   245   0.000000 219.535257 -78.800535 -17.454011  -9.655451  -0.000000  -9.655664   0.000212 -28.079093 269.838132 273.856648   0.197556   0.197717 271.366615   0.198680
   246   0.000000 219.317637 -78.833413 -17.403158  -9.641933  -0.000000  -9.642430   0.000497 -28.129613 269.796936 273.822670   0.197551   0.197717 271.323208   0.198680
   247   0.000000 219.100154 -78.866353 -17.353202  -9.628213  -0.000000  -9.628979   0.000767 -28.180144 269.755769 273.788721   0.197546   0.197717 271.279853   0.198679
   248   0.000000 218.882833 -78.899348 -17.304149  -9.614302  -0.000000  -9.615324   0.001022 -28.230662 269.714637 273.754800   0.197542   0.197717 271.236556   0.198678
   249   0.000000 218.665695 -78.932395 -17.256006  -9.600212  -0.000000  -9.601475   0.001263 -28.281142 269.673543 273.720908   0.197537   0.197717 271.193320   0.198677
   250   0.000000 218.448762 -78.965489 -17.208778  -9.585955  -0.000000  -9.587446   0.001490 -28.331559 269.632490 273.687046   0.197532   0.197717 271.150151   0.198677
   251   0.000000 218.232055 -78.998624 -17.162472  -9.571543  -0.000000  -9.573247   0.001704 -28.381892 269.591483 273.653214   0.197527   0.197717 271.107051   0.198676
   252   0.000000 218.015595 -79.031796 -17.117092  -9.556987  -0.000000  -9.558892   0.001905 -28.432117 269.550526 273.619413   0.197523   0.197717 271.064026   0.198675
   253   0.000000 217.799403 -79.065001 -17.061681  -9.536169  -0.000000  -9.538262   0.002093 -28.482212 269.509039 273.585626   0.197518   0.197717 271.020434   0.198675
   254   0.000000 217.584044 -79.095201 -17.005151  -9.512813  -0.000000  -9.515081   0.002268 -28.536107 269.467097 273.551839   0.197513   0.197717 270.976421   0.198674
   255   0.000000 217.369430 -79.122800 -16.948621  -9.487889  -0.000000  -9.490321   0.002432 -28.593197 269.424813 273.518045   0.197509   0.197717 270.932086   0.198673
   256   0.000000 217.155341 -79.148506 -16.891666  -9.461597  -0.000000  -9.464182   0.002586 -28.652619 269.382249 273.484237   0.197504   0.197717 270.887470   0.198673
   257   0.000000 216.941578 -79.172773 -16.833905  -9.434006  -0.000000  -9.436735   0.002728 -28.713913 269.339425 273.450410   0.197499   0.197717 270.842580   0.198672
   258   0.000000 216.727977 -79.195855 -16.775170  -9.405190  -0.000000  -9.408051   0.002861 -28.776892 269.296348 273.416560   0.197495   0.197717 270.797416   0.198671
   259   0.000000 216.514406 -79.217906 -16.715412  -9.375227  -0.000000  -9.378212   0.002984 -28.841483 269.253017 273.382682   0.197490   0.197717 270.751976   0.198670
   260   0.000000 216.300754 -79.239037 -16.654630  -9.344196  -0.000000  -9.347295   0.003098 -28.907654 269.209433 273.348773   0.197485   0.197717 270.706255   0.198670
   261   0.000000 216.086928 -79.259338 -16.592844  -9.312168  -0.000000  -9.315371   0.003203 -28.975379 269.165595 273.314828   0.197481   0.197717 270.660253   0.198669
   262   0.000000 215.872848 -79.278887 -16.530078  -9.279205  -0.000000  -9.282505   0.003300 -29.044633 269.121503 273.280844   0.197476   0.197717 270.613968   0.198668
   263   0.000000 215.658443 -79.297755 -16.466362  -9.245365  -0.000000  -9.248753   0.003389 -29.115389 269.077158 273.246818   0.197472   0.197717 270.567400   0.198668
   264   0.000000 215.443654 -79.316004 -16.401727  -9.210698  -0.000000  -9.214167   0.003469 -29.187617 269.032561 273.212745   0.197467   0.197717 270.520549   0.198667
   265   0.000000 215.228429 -79.333691 -16.336209  -9.175251  -0.000000  -9.178793   0.003542 -29.261286 268.987714 273.178623   0.197463   0.197717 270.473417   0.198666
   266   0.000000 215.012723 -79.350870 -16.269843  -9.139068  -0.000000  -9.142676   0.003608 -29.336361 268.942620 273.144449   0.197458   0.197717 270.426006   0.198666
   267   0.000000 214.796496 -79.367589 -16.202670  -9.102190  -0.000000  -9.105856   0.003666 -29.412804 268.897281 273.110220   0.197454   0.197717 270.378318   0.198665
   268   0.000000 214.579717 -79.383895 -16.134730  -9.064655  -0.000000  -9.068372   0.003717 -29.490577 268.851700 273.075934   0.197449   0.197717 270.330358   0.198664
   269   0.000000 214.362356 -79.399831 -16.066067  -9.026500  -0.000000  -9.030261   0.003761 -29.569638 268.805882 273.041588   0.197445   0.197717 270.282128   0.198664
   270   0.000000 214.144390 -79.415438 -15.996727  -8.987761  -0.000000  -8.991558   0.003798 -29.649944 268.759830 273.007180   0.197440   0.197717 270.233634   0.198663
   271   0.000000 213.925798 -79.430755 -15.926755  -8.948471  -0.000000  -8.952299   0.003828 -29.731449 268.713550 272.972708   0.197436   0.197717 270.184881   0.198662
   272   0.000000 213.706564 -79.445820 -15.856200  -8.908665  -0.000000  -8.912517   0.003852 -29.814105 268.667046 272.938170   0.197432   0.197717 270.135875   0.198662
   273   0.000000 213.486676 -79.460670 -15.785112  -8.868375  -0.000000  -8.872245   0.003870 -29.897865 268.620325 272.903565   0.197427   0.197717 270.086622   0.198661
   274   0.000000 213.266122 -79.475340 -15.713543  -8.827635  -0.000000  -8.831516   0.003881 -29.982675 268.573392 272.868890   0.197423   0.197717 270.037128   0.198660
   275   0.000000 213.044896 -79.489864 -15.641546  -8.786476  -0.000000  -8.790362   0.003886 -30.068486 268.526255 272.834146   0.197419   0.197717 269.987401   0.198660
   276   0.027633 212.822993 -79.482170 -15.569175  -8.744785  -0.000000  -8.748817   0.004031 -30.155241 268.479673 272.799353   0.197414   0.197717 269.937967   0.198659
   277   0.203197 212.600409 -79.359266 -15.491005  -8.699872  -0.000000  -8.704822   0.004951 -30.237762 268.437164 272.764636   0.197410   0.197717 269.891227   0.198658
   278   1.107522 212.377416 -78.671184 -15.381870  -8.638962  -0.000000  -8.648596   0.009634 -30.292304 268.415670 272.730616   0.197406   0.197717 269.858761   0.198658
   279   3.564375 212.155544 -76.829465 -15.119561  -8.510604  -0.000000  -8.532273   0.021669 -30.204621 268.442302 272.698664   0.197401   0.197717 269.858851   0.198657
   280   8.077987 211.942428 -73.538613 -14.497339  -8.229343  -0.000000  -8.270083   0.040740 -29.794535 268.536458 272.670609   0.197397   0.197717 269.904200   0.198656
   281  14.722480 211.756247 -68.804500 -13.325344  -7.710370  -0.000000  -7.771542   0.061172 -28.939055 268.700420 272.648180   0.197393   0.197717 269.995945   0.198656
   282  23.323192 211.624962 -62.750384 -11.489392  -6.888035  -0.000000  -6.962755   0.074720 -27.634319 268.923053 272.632628   0.197389   0.197717 270.126802   0.198655
   283  33.614580 211.581930 -55.510332  -8.959155  -5.719163  -0.000000  -5.794117   0.074954 -25.967023 269.188089 272.624618   0.197384   0.197717 270.287116   0.198654
   284  45.322071 211.660577 -47.203645  -5.779796  -4.184834  -0.000000  -4.245015   0.060181 -24.055698 269.480748 272.624336   0.197380   0.197717 270.469318   0.198654
   285  58.195178 211.889399 -37.941052  -2.053202  -2.290718  -0.000000  -2.324236   0.033518 -22.005117 269.790760 272.631669   0.197376   0.197717 270.669468   0.198653
   286  72.017060 212.288188 -27.833631   2.055815  -0.060521  -0.000000  -0.061385   0.000865 -19.886367 270.117327 272.646515   0.197372   0.197717 270.929884   0.198652
   287  86.604211 215.083209 -14.866041  -2.902194  -1.036334  -0.000000  -1.045916   0.009582 -17.704316 270.845299 272.680323   0.197368   0.197717 271.570065   0.198652
   288 101.802621 215.205216  -5.757943  11.491138   6.845118   0.000000   6.904694  -0.059576 -12.845165 271.096847 272.717191   0.197363   0.197717 271.735397   0.198651
   289 117.483153 218.306938   8.694169   3.262919   4.650010   0.000000   4.662736  -0.012725 -11.342412 271.855595 272.772246   0.197359   0.197717 272.447639   0.198650
   290 133.537169 220.650443  20.471050   9.980995  11.026528   0.000000  11.007113   0.019415  -6.416562 272.412381 272.837935   0.197355   0.197717 272.968827   0.198650
   291 149.872779 222.934717  33.286808  12.442419  14.923329   0.000000  14.833148   0.090181  -2.978876 272.997133 272.914362   0.197351   0.197717 273.489568   0.198649
   292 166.411727 225.448688  46.347707  14.600557  19.419380   0.000000  19.205617   0.213762   0.579403 273.620272 273.001953   0.197347   0.197717 274.047039   0.198648
   293 183.086877 227.619046  58.994497  19.695076  24.767789   0.000000  24.376006   0.391783   4.328229 274.190133 273.098367   0.197343   0.197717 274.535222   0.198648
   294 199.840189 230.070905  72.199350  22.047153  28.621925   0.000000  27.991618   0.630306   7.642362 274.803843 273.204409   0.197339   0.197717 275.069438   0.198647
   295 216.621099 232.437552  85.127386  26.246799  33.828079   0.000000  32.852162   0.975918  11.196044 275.387942 273.318611   0.197335   0.197717 275.576413   0.198646
   296 233.385225 234.850639  98.204339  29.546177  38.691883   0.000000  37.259052   1.432831  14.485320 275.975044 273.440631   0.197331   0.197717 276.084829   0.198646
   297 250.093324 237.241544 111.183988  33.244514  43.946252   0.000000  41.900387   2.045865  17.740892 276.549254 273.569685   0.197327   0.197716 276.580481   0.198645
   298 266.710453 239.584276 124.086800  37.011967  49.209041   0.000000  46.368147   2.840894  20.856983 277.111019 273.705075   0.197323   0.197716 277.060714   0.198644
   299 283.205292 241.877909 136.885769  40.861959  54.433527   0.000000  50.575325   3.858202  23.841612 277.660736 273.846177   0.197319   0.197716 277.526588   0.198644
   300 299.549591 244.098366 149.534075  44.924286  59.577424   0.000000  54.434458   5.142966  26.701911 278.196466 273.992364   0.197315   0.197715 277.974653   0.198643
   301 315.717721 246.254993 162.030407  49.076711  64.502806   0.000000  57.758655   6.744151  29.428713 278.721040 274.143143   0.197311   0.197714 278.407309   0.198642
   302 331.686303 248.337386 174.333571  53.451140  69.192854   0.000000  60.468173   8.724681  32.045282 279.234212 274.298052   0.197307   0.197713 278.823266   0.198642
   303 347.433903 250.351722 186.434447  57.993746  73.527873   0.000000  62.375408  11.152465  34.553116 279.738559 274.456740   0.197303   0.197712 279.224226   0.198641
   304 362.940782 252.296736 198.304448  62.782641  77.448352   0.000000  63.333965  14.114387  36.972735 280.235534 274.618920   0.197299   0.197710 279.610483   0.198640
   305 378.188686 254.178311 209.928294  67.822267  80.838172   0.000000  63.124943  17.713229  39.316296 280.728049 274.784408   0.197295   0.197708 279.983618   0.198640
   306 393.160668 256.000146 221.282355  73.179856  83.584762   0.000000  61.501684  22.083078  41.605483 281.219096 274.953118   0.197291   0.197705 280.344828   0.198639
   307 407.840945 257.768837 232.346069  78.912935  85.518854   0.000000  58.118943  27.399910  43.861847 281.712986 275.125087   0.197287   0.197702 280.695894   0.198638
   308 422.214769 259.491352 243.093263  85.125494  86.400535   0.000000  52.485501  33.915034  46.115296 282.215686 275.300520   0.197283   0.197698 281.038833   0.198637
   309 436.268330 261.176352 253.491521  91.974837  85.813519   0.000000  43.790671  42.022848  48.406164 282.736999 275.479887   0.197280   0.197693 281.376386   0.198636
   310 449.988660 262.834757 263.491576  99.747669  82.832213   0.000000  30.350310  52.481903  50.799787 283.297583 275.664225   0.197276   0.197687 281.713047   0.198635
   311 463.363562 264.481360 272.993124 109.109682  72.276090   0.000000   3.887327  68.388763  53.433509 284.005945 275.857718   0.197259   0.197678 282.065837   0.198625
   312 481.650953 266.141523 285.677048 123.895055  80.338410   0.000000   0.000000  80.338410  57.037594 284.440433 276.051534   0.197255   0.197668 282.378316   0.198625
   313 494.330359 267.910769 295.342176 128.230022  87.257108   0.000000   0.000000  87.257108  58.722297 284.792027 276.243410   0.197252   0.197658 282.694285   0.198624
   314 506.630370 269.546122 304.985226 130.406249  92.835067   0.000000   0.000000  92.835067  59.840320 285.133613 276.433464   0.197248   0.197647 282.987018   0.198624
   315 518.541369 271.034470 314.218896 133.167959  98.213115   0.000000   0.000000  98.213115  60.901046 285.453259 276.621413   0.197244   0.197635 283.253250   0.198623
   316 530.054262 272.417524 323.137959 135.798853 103.243702   0.000000   0.000000 103.243702  61.822926 285.757117 276.807161   0.197240   0.197623 283.500347   0.198621
   317 541.160446 273.711246 331.720559 138.419989 108.043715   0.000000   0.000000 108.043715  62.649689 286.045996 276.990622   0.197236   0.197610 283.731007   0.198620
   318 551.851785 274.929555 339.970282 140.968267 112.633128   0.000000   0.000000 112.633128  63.387619 286.321338 277.171738   0.197232   0.197596 283.947660   0.198619
   319 562.120589 276.081735 347.883232 143.434965 117.036799   0.000000   0.000000 117.036799  64.047201 286.584014 277.350464   0.197228   0.197582 284.151939   0.198618
   320 571.959592 277.174886 355.456570 145.805116 121.266642   0.000000   0.000000 121.266642  64.634853 286.834749 277.526761   0.197223   0.197568 284.345110   0.198616
   321 581.361941 278.214473 362.686881 148.069627 125.330465   0.000000   0.000000 125.330465  65.155913 287.074108 277.700598   0.197219   0.197553 284.528160   0.198615
   322 590.321175 279.204882 369.570793 150.220999 129.232523   0.000000   0.000000 129.232523  65.614571 287.302555 277.871943   0.197215   0.197537 284.701893   0.198613
   323 598.831217 280.149726 376.104965 152.253409 132.975046   0.000000   0.000000 132.975046  66.014287 287.520476 278.040767   0.197211   0.197521 284.866978   0.198611
   324 606.886361 281.052044 382.286173 154.162159 136.558908   0.000000   0.000000 136.558908  66.357962 287.728194 278.207041   0.197207   0.197505 285.023983   0.198610
   325 614.481266 281.914441 388.111338 155.966776 139.991853   0.000000   0.000000 139.991853  66.648071 287.925472 278.370720   0.197202   0.197488 285.173408   0.198608
   326 621.610941 282.739497 393.580565 157.641329 143.262408   0.000000   0.000000 143.262408  66.883258 288.112688 278.531767   0.197198   0.197471 285.315752   0.198606
   327 628.270746 283.529044 398.690258 159.188851 146.372495   0.000000   0.000000 146.372495  67.066444 288.290024 278.690143   0.197194   0.197453 285.451375   0.198604
   328 634.456378 284.284836 403.438032 160.606059 149.320380   0.000000   0.000000 149.320380  67.199168 288.457668 278.845809   0.197189   0.197435 285.580620   0.198602
   329 640.163872 285.008426 407.821515 161.891613 152.104940   0.000000   0.000000 152.104940  67.283007 288.615771 278.998729   0.197185   0.197417 285.703795   0.198600
   330 645.389593 285.701212 411.838614 163.044090 154.724746   0.000000   0.000000 154.724746  67.319295 288.764468 279.148864   0.197180   0.197398 285.821179   0.198598
   331 650.130230 286.364454 415.487440 164.062403 157.178360   0.000000   0.000000 157.178360  67.309232 288.903876 279.296177   0.197176   0.197380 285.933023   0.198596
   332 654.382798 286.999291 418.766319 164.945648 159.464329   0.000000   0.000000 159.464329  67.253894 289.034096 279.440632   0.197171   0.197360 286.039556   0.198594
   333 658.144631 287.606748 421.673785 165.693100 161.581235   0.000000   0.000000 161.581235  67.154254 289.155219 279.582191   0.197166   0.197341 286.140986   0.198592
   334 661.413378 288.187755 424.208580 166.304175 163.527719   0.000000   0.000000 163.527719  67.011200 289.267324 279.720818   0.197162   0.197321 286.237500   0.198589
   335 664.187007 288.743154 426.369647 166.778411 165.302510   0.000000   0.000000 165.302510  66.825548 289.370483 279.856476   0.197157   0.197302 286.329268   0.198587
   336 666.463795 289.273706 428.156137 167.115437 166.904442   0.000000   0.000000 166.904442  66.598051 289.464759 279.989129   0.197152   0.197282 286.416444   0.198585
   337 668.242334 289.780099 429.567400 167.314960 168.332473   0.000000   0.000000 168.332473  66.329412 289.550212 280.118742   0.197147   0.197261 286.499166   0.198583
   338 669.521525 290.262955 430.602987 167.376741 169.585698   0.000000   0.000000 169.585698  66.020290 289.626893 280.245278   0.197142   0.197241 286.577558   0.198580
   339 670.300580 290.722834 431.262650 167.300585 170.663366   0.000000   0.000000 170.663366  65.671308 289.694854 280.368702   0.197137   0.197221 286.651730   0.198578
   340 670.579017 291.160237 431.546337 167.086327 171.564885   0.000000   0.000000 171.564885  65.283058 289.754139 280.488981   0.197132   0.197200 286.721778   0.198575
   341 670.356665 291.575612 431.454195 166.733819 172.289836   0.000000   0.000000 172.289836  64.856109 289.804795 280.606079   0.197127   0.197179 286.787788   0.198573
   342 669.633662 291.969353 430.986565 166.242924 172.837979   0.000000   0.000000 172.837979  64.391010 289.846862 280.719963   0.197122   0.197159 286.849832   0.198571
   343 668.410452 292.341807 430.143985 165.613511 173.209260   0.000000   0.000000 173.209260  63.888290 289.880382 280.830601   0.197117   0.197138 286.907969   0.198568
   344 666.687791 292.693273 428.927191 164.845444 173.403818   0.000000   0.000000 173.403818  63.348467 289.905395 280.937959   0.197112   0.197117 286.962250   0.198566
   345 664.466743 293.024004 427.337111 163.938586 173.421986   0.000000   0.000000 173.421986  62.772049 289.921940 281.042007   0.197106   0.197096 287.012710   0.198563
   346 661.748680 293.334210 425.374873 162.892791 173.264298   0.000000   0.000000 173.264298  62.159532 289.930056 281.142712   0.197101   0.197075 287.059378   0.198561
   347 658.535291 293.624058 423.041804 161.707909 172.931493   0.000000   0.000000 172.931493  61.511405 289.929782 281.240046   0.197095   0.197055 287.102268   0.198558
   348 654.828573 293.893675 420.339427 160.383781 172.424514   0.000000   0.000000 172.424514  60.828151 289.921156 281.333978   0.197090   0.197034 287.141386   0.198556
   349 650.630840 294.143149 417.269472 158.920245 171.744509   0.000000   0.000000 171.744509  60.110248 289.904218 281.424480   0.197084   0.197013 287.176727   0.198553
   350 645.944724 294.372529 413.833873 157.317138 170.892836   0.000000   0.000000 170.892836  59.358165 289.879006 281.511524   0.197079   0.196993 287.208276   0.198551
   351 640.773174 294.581830 410.034772 155.574300 169.871064   0.000000   0.000000 169.871064  58.572370 289.845559 281.595084   0.197073   0.196972 287.236009   0.198548
   352 635.119464 294.771033 405.874525 153.691575 168.680967   0.000000   0.000000 168.680967  57.753321 289.803915 281.675133   0.197068   0.196952 287.259893   0.198546
   353 628.987192 294.940085 401.355709 151.668824 167.324530   0.000000   0.000000 167.324530  56.901475 289.754114 281.751646   0.197062   0.196932 287.279884   0.198543
   354 622.380287 295.088906 396.481122 149.505924 165.803945   0.000000   0.000000 165.803945  56.017281 289.696195 281.824598   0.197056   0.196912 287.295932   0.198541
   355 615.303013 295.217384 391.253792 147.202778 164.121614   0.000000   0.000000 164.121614  55.101181 289.630196 281.893965   0.197050   0.196893 287.307978   0.198538
   356 607.759973 295.325385 385.676987 144.759323 162.280144   0.000000   0.000000 162.280144  54.153613 289.556155 281.959726   0.197044   0.196873 287.315956   0.198535
   357 599.756116 295.412750 379.754218 142.175535 160.282346   0.000000   0.000000 160.282346  53.175007 289.474113 282.021857   0.197039   0.196854 287.319793   0.198533
   358 591.296745 295.479301 373.489248 139.451439 158.131239   0.000000   0.000000 158.131239  52.165787 289.384105 282.080338   0.197033   0.196835 287.319407   0.198531
   359 582.387526 295.524840 366.886107 136.587122 155.830041   0.000000   0.000000 155.830041  51.126369 289.286171 282.135148   0.197027   0.196816 287.314713   0.198528
   360 573.034492 295.549155 359.949093 133.582733 153.382174   0.000000   0.000000 153.382174  50.057165 289.180349 282.186267   0.197021   0.196798 287.305619   0.198526
   361 563.244060 295.552022 352.682793 130.447407 150.795295   0.000000   0.000000 150.795295  48.958577 289.066482 282.233670   0.197015   0.196780 287.292017   0.198523
   362 553.023040 295.533294 345.093211 127.171208 148.067514   0.000000   0.000000 148.067514  47.829681 288.944694 282.277337   0.197008   0.196762 287.273821   0.198521
   363 542.378651 295.492622 337.184961 123.756541 145.204399   0.000000   0.000000 145.204399  46.671503 288.815040 282.317247   0.197002   0.196745 287.250901   0.198518
   364 531.318533 295.429723 328.963447 120.203225 142.210018   0.000000   0.000000 142.210018  45.484550 288.677582 282.353384   0.196996   0.196728 287.223139   0.198516
   365 519.850773 295.344319 320.434362 116.511820 139.088947   0.000000   0.000000 139.088947  44.269391 288.532378 282.385729   0.196990   0.196711 287.190411   0.198514
   366 507.983918 295.236145 311.603811 112.682919 135.845850   0.000000   0.000000 135.845850  43.026542 288.379483 282.414268   0.196984   0.196695 287.152591   0.198511
   367 495.727009 295.104945 302.478297 108.717326 132.485578   0.000000   0.000000 132.485578  41.756504 288.218953 282.438987   0.196977   0.196679 287.109551   0.198509
   368 483.089600 294.950478 293.064747 104.616039 129.013158   0.000000   0.000000 129.013158  40.459763 288.050843 282.459872   0.196971   0.196663 287.061156   0.198507
   369 470.081800 294.772518 283.370538 100.380276 125.433792   0.000000   0.000000 125.433792  39.136797 287.875209 282.476912   0.196965   0.196648 287.007270   0.198504
   370 456.714307 294.570854 273.403527  96.011498 121.752859   0.000000   0.000000 121.752859  37.788079 287.692106 282.490094   0.196958   0.196634 286.947747   0.198502
   371 442.998452 294.345298 263.172085  91.511430 117.975919   0.000000   0.000000 117.975919  36.414082 287.501594 282.499410   0.196952   0.196619 286.882432   0.198500
   372 428.946256 294.095682 252.685136  86.882094 114.108707   0.000000   0.000000 114.108707  35.015286 287.303733 282.504850   0.196945   0.196606 286.811157   0.198498
   373 414.570486 293.821863 241.952210  82.125840 110.157138   0.000000   0.000000 110.157138  33.592182 287.098589 282.506406   0.196939   0.196592 286.733735   0.198496
   374 399.884730 293.523728 230.983495  77.245383 106.127305   0.000000   0.000000 106.127305  32.145279 286.886230 282.504072   0.196932   0.196580 286.649946   0.198494
   375 384.903481 293.201196 219.789902  72.243848 102.025480   0.000000   0.000000 102.025480  30.675109 286.666733 282.497842   0.196926   0.196567 286.559516   0.198492
   376 369.642235 292.854217 208.383144  67.124825  97.858114   0.000000   0.000000  97.858114  29.182238 286.440181 282.487714   0.196919   0.196556 286.462064   0.198490
   377 354.117607 292.482784 196.775826  61.892426  93.631836   0.000000   0.000000  93.631836  27.667272 286.206665 282.473684   0.196913   0.196545 286.356914   0.198488
   378 338.347475 292.086932 184.981555  56.551362  89.353455   0.000000   0.000000  89.353455  26.130867 285.966288 282.455753   0.196906   0.196534 286.242291   0.198486
   379 322.351141 291.666744 173.015066  51.107036  85.029954   0.000000   0.000000  85.029954  24.573744 285.719165 282.433923   0.196900   0.196524 286.118579   0.198484
   380 306.149532 291.222358 160.892378  45.565644  80.668488   0.000000   0.000000  80.668488  22.996699 285.465429 282.408198   0.196893   0.196514 285.986300   0.198482
   381 289.765438 290.753975 148.630983  39.934321  76.276379   0.000000   0.000000  76.276379  21.400617 285.205228 282.378587   0.196886   0.196505 285.845834   0.198481
   382 273.223800 290.261866 136.250068  34.221308  71.861094   0.000000   0.000000  71.861094  19.786493 284.938734 282.345099   0.196880   0.196496 285.697548   0.198479
   383 256.552056 289.746385 123.770795  28.436184  67.430220   0.000000   0.000000  67.430220  18.155443 284.666139 282.307750   0.196873   0.196488 285.541804   0.198477
   384 239.780567 289.207983 111.216640  22.590181  62.991393   0.000000   0.000000  62.991393  16.508728 284.387667 282.266558   0.196867   0.196481 285.378964   0.198476
   385 222.943134 288.647225  98.613815  16.696652  58.552162   0.000000   0.000000  58.552162  14.847762 284.103564 282.221547   0.196860   0.196473 285.209396   0.198474
   386 206.077638 288.064819  85.991807  10.771856  54.119650   0.000000   0.000000  54.119650  13.174115 283.814099 282.172746   0.196853   0.196467 285.033478   0.198473
   387 189.226822 287.461655  73.384070   4.836522  49.699608   0.000000   0.000000  49.699608  11.489471 283.519545 282.120189   0.196847   0.196461 284.851598   0.198471
   388 172.439271 286.838871  60.828980  -1.079674  45.292661   0.000000   0.000000  45.292661   9.795488 283.220091 282.063912   0.196840   0.196456 284.554745   0.198470
   389 155.770621 286.591571  48.753114  -6.860735  33.558370   0.000000   0.000000  33.558370   8.093254 283.029488 282.007352   0.196833   0.196452 284.411799   0.198468
   390 139.285079 285.984740  35.927659  -8.440681  29.002387   0.000000   0.000000  29.002387   7.154947 282.711515 281.946548   0.196827   0.196448 284.182134   0.198467
   391 123.057315 285.355025  23.917852 -12.335909  24.005180   0.000000   0.000000  24.005180   5.354771 282.359290 281.880717   0.196820   0.196445 283.936519   0.198466
   392 107.174822 284.588273  12.215666 -16.194022  19.609578   0.000000   0.000000  19.609578   3.350010 281.970706 281.809084   0.196814   0.196443 283.659980   0.198465
   393  91.740849 283.699163   0.926428 -20.054746  15.520095   0.000000   0.000000  15.520095   1.131354 281.552968 281.731155   0.196807   0.196441 283.356259   0.198463
   394  76.877972 282.695769  -9.881549 -23.814543  11.758265   0.000000   0.000000  11.758265  -1.247307 281.111044 281.646623   0.196801   0.196440 283.027023   0.198462
   395  62.732318 281.584860 -20.110954 -27.375128   8.338543   0.000000   0.000000   8.338543  -3.749052 280.648475 281.555303   0.196794   0.196439 282.674572   0.198461
   396  49.478223 280.371119 -29.636647 -30.701067   5.313179   0.000000   0.000000   5.313179  -6.347795 280.169509 281.457144   0.196788   0.196438 282.302610   0.198460
   397  37.322556 279.063900 -38.306057 -33.793465   2.777628   0.000000   0.000000   2.777628  -9.013450 279.679972 281.352265   0.196781   0.196438 281.914604   0.198460
   398  26.506668 277.670264 -45.948476 -36.595424   0.827934   0.000000   0.000000   0.827934 -11.706054 279.185714 281.240936   0.196775   0.196438 281.515271   0.198459
   399  17.301029 276.195655 -52.371010 -39.100737  -0.441025  -0.000000  -0.000000  -0.441025 -14.386556 278.695816 281.123666   0.196768   0.196438 281.112109   0.198458
   400   9.981604 274.653147 -57.383766 -41.330653  -1.017423  -0.000000  -0.035969  -0.981455 -16.994950 278.228004 281.001440   0.196762   0.196438 280.718102   0.198457
   401   4.766434 273.056896 -60.882181 -43.209400  -1.039478  -0.000000  -0.129067  -0.910411 -19.414049 277.805154 280.875831   0.196755   0.196438 280.349537   0.198456
   402   1.681876 271.422357 -62.936430 -44.616302  -0.812677  -0.000000  -0.245860  -0.566817 -21.494741 277.451324 280.748985   0.196749   0.196438 280.023847   0.198455
   403   0.368355 269.774176 -63.920359 -45.445765  -0.673042  -0.000000  -0.357776  -0.315265 -23.083624 277.178106 280.623198   0.196743   0.196438 279.750254   0.198455
   404   0.049169 268.146376 -64.472876 -45.664577  -0.707807  -0.000000  -0.459598  -0.248209 -24.115640 276.967509 280.500027   0.196736   0.196438 279.518067   0.198454
   405   0.000000 266.575146 -65.050870 -45.414261  -0.807858  -0.000000  -0.561927  -0.245931 -24.727631 276.786992 280.379932   0.196730   0.196438 279.307452   0.198453
   406   0.000000 265.086120 -65.652334 -44.955651  -0.928436  -0.000000  -0.673360  -0.255076 -25.150584 276.620192 280.262868   0.196724   0.196438 279.109664   0.198453
   407   0.000000 263.687914 -66.231218 -44.458839  -1.060327  -0.000000  -0.798012  -0.262315 -25.498731 276.462842 280.148694   0.196718   0.196438 278.923029   0.198452
   408   0.000000 262.378069 -66.769718 -43.987880  -1.205775  -0.000000  -0.937576  -0.268199 -25.800965 276.314991 280.037309   0.196711   0.196438 278.747722   0.198451
   409   0.000000 261.149715 -67.274505 -43.546794  -1.365702  -0.000000  -1.092939  -0.272764 -26.056227 276.176659 279.928645   0.196705   0.196438 278.583351   0.198451
   410   0.000000 259.995383 -67.752701 -43.123360  -1.540796  -0.000000  -1.264743  -0.276053 -26.263900 276.047204 279.822637   0.196699   0.196438 278.428995   0.198450
   411   0.000000 258.908251 -68.207750 -42.708829  -1.731830  -0.000000  -1.453646  -0.278184 -26.428032 275.925757 279.719219   0.196693   0.196438 278.283684   0.198449
   412   0.000000 257.882790 -68.640827 -42.302075  -1.939652  -0.000000  -1.660364  -0.279288 -26.554233 275.811642 279.618322   0.196687   0.196438 278.146683   0.198449
   413   0.000000 256.914447 -69.053080 -41.903593  -2.165016  -0.000000  -1.885544  -0.279472 -26.646763 275.704380 279.519884   0.196681   0.196438 278.017416   0.198448
   414   0.000000 255.999062 -69.446213 -41.511291  -2.408463  -0.000000  -2.129644  -0.278819 -26.708532 275.603518 279.423846   0.196675   0.196438 277.895325   0.198447
   415   0.000000 255.132669 -69.821872 -41.122125  -2.670357  -0.000000  -2.392954  -0.277404 -26.742296 275.508582 279.330148   0.196668   0.196438 277.779871   0.198447
   416   0.000000 254.311748 -70.181198 -40.734935  -2.950953  -0.000000  -2.675653  -0.275300 -26.750956 275.419165 279.238732   0.196662   0.196438 277.670591   0.198446
   417   0.000000 253.533294 -70.525139 -40.349599  -3.250343  -0.000000  -2.977769  -0.272574 -26.736973 275.334938 279.149545   0.196656   0.196438 277.567103   0.198446
   418   0.000000 252.794588 -70.854763 -39.965302  -3.568377  -0.000000  -3.299098  -0.269279 -26.702245 275.255604 279.062534   0.196650   0.196438 277.469055   0.198445
   419   0.000000 252.093103 -71.171078 -39.581019  -3.904674  -0.000000  -3.639206  -0.265467 -26.648509 275.180866 278.977648   0.196644   0.196438 277.376110   0.198444
   420   0.000000 251.426573 -71.474872 -39.196412  -4.258643  -0.000000  -3.997456  -0.261188 -26.577474 275.110457 278.894838   0.196638   0.196438 277.287971   0.198444
   421   0.000000 250.792993 -71.766811 -38.811480  -4.629461  -0.000000  -4.372974  -0.256487 -26.490673 275.044135 278.814058   0.196633   0.196438 277.204369   0.198443
   422   0.000000 250.190516 -72.047536 -38.426061  -5.016036  -0.000000  -4.764628  -0.251407 -26.389461 274.981665 278.735259   0.196627   0.196439 277.125047   0.198443
   423   0.000000 249.617424 -72.317597 -38.040132  -5.417035  -0.000000  -5.171044  -0.245991 -26.275157 274.922817 278.658396   0.196621   0.196439 277.049763   0.198442
   424   0.000000 249.072148 -72.577426 -37.654040  -5.830905  -0.000000  -5.590627  -0.240278 -26.149056 274.867371 278.583425   0.196615   0.196439 276.978290   0.198442
   425   0.000000 248.553236 -72.827398 -37.268264  -6.255870  -0.000000  -6.021562  -0.234308 -26.012376 274.815115 278.510299   0.196609   0.196439 276.910414   0.198441
   426   0.000000 248.059314 -73.067844 -36.883342  -6.689955  -0.000000  -6.461836  -0.228119 -25.866288 274.765838 278.438974   0.196603   0.196439 276.845926   0.198441
   427   0.000000 247.589083 -73.299042 -36.499972  -7.131020  -0.000000  -6.909273  -0.221747 -25.711950 274.719333 278.369404   0.196597   0.196439 276.784624   0.198440
   428   0.000000 247.141306 -73.521221 -36.118958  -7.576792  -0.000000  -7.361563  -0.215228 -25.550497 274.675394 278.301543   0.196592   0.196439 276.726312   0.198440
   429   0.000000 246.714785 -73.734589 -35.741148  -8.024899  -0.000000  -7.816300  -0.208598 -25.383045 274.633817 278.235345   0.196586   0.196439 276.670795   0.198439
   430   0.000000 246.308358 -73.939324 -35.367449  -8.472918  -0.000000  -8.271029  -0.201889 -25.210700 274.594398 278.170763   0.196580   0.196439 276.617882   0.198438
   431   0.000000 245.920889 -74.135589 -34.998801  -8.918421  -0.000000  -8.723288  -0.195134 -25.034555 274.556938 278.107749   0.196574   0.196439 276.567384   0.198438
   432   0.000000 245.551263 -74.323537 -34.636143  -9.359020  -0.000000  -9.170658  -0.188362 -24.855681 274.521237 278.046255   0.196569   0.196439 276.519115   0.198437
   433   0.000000 245.198381 -74.503322 -34.299712  -9.797827  -0.000000  -9.616223  -0.181603 -24.675124 274.487832 277.986252   0.196563   0.196439 276.473538   0.198437
   434   0.000000 244.860187 -74.679368 -33.969363 -10.230569  -0.000000 -10.055734  -0.174835 -24.488938 274.456308 277.927704   0.196557   0.196439 276.430197   0.198436
   435   0.000000 244.536156 -74.850282 -33.646709 -10.654727  -0.000000 -10.486630  -0.168098 -24.299771 274.426354 277.870567   0.196552   0.196439 276.388859   0.198436
   436   0.000000 244.225792 -75.015132 -33.334292 -11.068333  -0.000000 -10.906907  -0.161426 -24.109490 274.397775 277.814798   0.196546   0.196439 276.349369   0.198435
   437   0.000000 243.928452 -75.173641 -33.033260 -11.469609  -0.000000 -11.314764  -0.154845 -23.919157 274.370410 277.760351   0.196540   0.196439 276.311583   0.198435
   438   0.000000 243.643415 -75.325768 -32.744169 -11.856955  -0.000000 -11.708581  -0.148374 -23.729588 274.344105 277.707180   0.196535   0.196439 276.275357   0.198434
   439   0.000000 243.369927 -75.471550 -32.467410 -12.228987  -0.000000 -12.086955  -0.142032 -23.541528 274.318716 277.655241   0.196529   0.196439 276.240549   0.198434
   440   0.000000 243.107221 -75.611065 -32.203284 -12.584555  -0.000000 -12.448720  -0.135835 -23.355674 274.294104 277.604486   0.196524   0.196439 276.207021   0.198433
   441   0.000000 242.854528 -75.744431 -31.951995 -12.922746  -0.000000 -12.792951  -0.129795 -23.172670 274.270142 277.554870   0.196518   0.196439 276.174639   0.198433
   442   0.000000 242.611084 -75.871799 -31.713643 -13.242885  -0.000000 -13.118960  -0.123925 -22.993098 274.246708 277.506348   0.196513   0.196439 276.143274   0.198432
   443   0.000000 242.376141 -75.993350 -31.488223 -13.544527  -0.000000 -13.426295  -0.118233 -22.817475 274.223694 277.458873   0.196507   0.196439 276.112806   0.198432
   444   0.000000 242.148972 -76.109290 -31.275633 -13.827443  -0.000000 -13.714718  -0.112726 -22.646255 274.200999 277.412402   0.196502   0.196439 276.083121   0.198431
   445   0.000000 241.928878 -76.219840 -31.075676 -14.091604  -0.000000 -13.984195  -0.107409 -22.479824 274.178532 277.366890   0.196496   0.196439 276.054111   0.198431
   446   0.000000 241.715193 -76.325238 -30.888073 -14.337160  -0.000000 -14.234874  -0.102286 -22.318506 274.156215 277.322295   0.196491   0.196439 276.025678   0.198430
   447   0.000000 241.507289 -76.425729 -30.712473 -14.564418  -0.000000 -14.467061  -0.097357 -22.162561 274.133977 277.278575   0.196486   0.196439 275.997732   0.198430
   448   0.000000 241.304575 -76.521565 -30.548465 -14.773821  -0.000000 -14.681196  -0.092625 -22.012190 274.111755 277.235689   0.196480   0.196439 275.970191   0.198429
   449   0.000000 241.106506 -76.612998 -30.395591 -14.965921  -0.000000 -14.877835  -0.088086 -21.867539 274.089498 277.193598   0.196475   0.196439 275.942979   0.198429
   450   0.000000 240.912577 -76.700278 -30.253357 -15.141358  -0.000000 -15.057618  -0.083740 -21.728700 274.067161 277.152263   0.196470   0.196439 275.916031   0.198428
   451   0.000000 240.722330 -76.783650 -30.121243 -15.300840  -0.000000 -15.221258  -0.079582 -21.595718 274.044706 277.111649   0.196464   0.196439 275.889288   0.198428
   452   0.000000 240.535346 -76.863351 -29.998719 -15.445122  -0.000000 -15.369513  -0.075610 -21.468597 274.022106 277.071720   0.196459   0.196439 275.862699   0.198428
   453   0.000000 240.351254 -76.939609 -29.885247 -15.574989  -0.000000 -15.503172  -0.071817 -21.347302 273.999335 277.032444   0.196454   0.196439 275.836220   0.198427
   454   0.000000 240.169718 -77.012641 -29.780296 -15.691243  -0.000000 -15.623043  -0.068200 -21.231762 273.976375 276.993787   0.196448   0.196439 275.809812   0.198427
   455   0.000000 239.990446 -77.082653 -29.683342 -15.794689  -0.000000 -15.729936  -0.064752 -21.121881 273.953216 276.955721   0.196443   0.196439 275.783445   0.198426
   456   0.000000 239.813180 -77.149838 -29.593879 -15.886123  -0.000000 -15.824655  -0.061468 -21.017534 273.929847 276.918215   0.196438   0.196439 275.757091   0.198426
   457   0.000000 239.637696 -77.214377 -29.511418 -15.966331  -0.000000 -15.907989  -0.058342 -20.918576 273.906266 276.881244   0.196433   0.196439 275.730730   0.198425
   458   0.000000 239.463803 -77.276438 -29.435492 -16.036074  -0.000000 -15.980707  -0.055366 -20.824846 273.882472 276.844782   0.196428   0.196439 275.704346   0.198425
   459   0.000000 239.291337 -77.336180 -29.365657 -16.096091  -0.000000 -16.043554  -0.052537 -20.736166 273.858468 276.808803   0.196422   0.196439 275.677927   0.198424
   460   0.000000 239.120162 -77.393748 -29.301493 -16.147091  -0.000000 -16.097246  -0.049846 -20.652350 273.834258 276.773287   0.196417   0.196439 275.651463   0.198424
   461   0.000000 238.950163 -77.449277 -29.242602 -16.189755  -0.000000 -16.142467  -0.047288 -20.573200 273.809851 276.738211   0.196412   0.196439 275.624950   0.198423
   462   0.000000 238.781247 -77.502893 -29.188612 -16.224730  -0.000000 -16.179874  -0.044856 -20.498516 273.785256 276.703555   0.196407   0.196439 275.598385   0.198423
   463   0.000000 238.613338 -77.554711 -29.139169 -16.252635  -0.000000 -16.210089  -0.042546 -20.428091 273.760484 276.669301   0.196402   0.196439 275.571767   0.198422
   464   0.000000 238.446377 -77.604840 -29.093943 -16.274053  -0.000000 -16.233702  -0.040351 -20.361718 273.735546 276.635430   0.196397   0.196439 275.545100   0.198422
   465   0.000000 238.280316 -77.653381 -29.052621 -16.289539  -0.000000 -16.251274  -0.038265 -20.299191 273.710456 276.601928   0.196392   0.196439 275.518386   0.198422
   466   0.000000 238.115120 -77.700425 -29.014912 -16.299617  -0.000000 -16.263333  -0.036284 -20.240306 273.685227 276.568778   0.196387   0.196439 275.491630   0.198421
   467   0.000000 237.950764 -77.746061 -28.980538 -16.304779  -0.000000 -16.270378  -0.034402 -20.184860 273.659873 276.535967   0.196382   0.196439 275.464837   0.198421
   468   0.000000 237.787228 -77.790368 -28.949237 -16.305492  -0.000000 -16.272878  -0.032613 -20.132658 273.634408 276.503480   0.196377   0.196439 275.438016   0.198420
   469   0.000000 237.624499 -77.833425 -28.915124 -16.299017  -0.000000 -16.268103  -0.030914 -20.083508 273.608653 276.471301   0.196372   0.196439 275.411004   0.198420
   470   0.000000 237.462823 -77.874185 -28.885119 -16.288757  -0.000000 -16.259452  -0.029305 -20.038537 273.582702 276.439415   0.196367   0.196439 275.383891   0.198419
   471   0.000000 237.301981 -77.913286 -28.857337 -16.274935  -0.000000 -16.247157  -0.027778 -19.996988 273.556585 276.407808   0.196362   0.196439 275.356678   0.198419
   472   0.000000 237.141827 -77.951007 -28.830897 -16.257856  -0.000000 -16.231527  -0.026329 -19.958559 273.530310 276.376469   0.196357   0.196439 275.329358   0.198418
   473   0.000000 236.982264 -77.987473 -28.805491 -16.237936  -0.000000 -16.212983  -0.024953 -19.923116 273.503881 276.345387   0.196352   0.196439 275.301930   0.198418
   474   0.000000 236.823216 -78.022784 -28.780900 -16.215567  -0.000000 -16.191922  -0.023645 -19.890541 273.477306 276.314551   0.196347   0.196439 275.274392   0.198417
   475   0.000000 236.664620 -78.057031 -28.756916 -16.191102  -0.000000 -16.168699  -0.022403 -19.860713 273.450589 276.283949   0.196342   0.196439 275.246745   0.198417
   476   0.000000 236.506418 -78.090297 -28.733345 -16.164859  -0.000000 -16.143636  -0.021223 -19.833520 273.423738 276.253574   0.196337   0.196439 275.218989   0.198417
   477   0.000000 236.348560 -78.122656 -28.710008 -16.137122  -0.000000 -16.117022  -0.020100 -19.808850 273.396758 276.223415   0.196333   0.196439 275.191125   0.198416
   478   0.000000 236.191004 -78.154179 -28.686741 -16.108151  -0.000000 -16.089118  -0.019032 -19.786602 273.369653 276.193464   0.196328   0.196439 275.163153   0.198416
   479   0.000000 236.033706 -78.184927 -28.663394 -16.078177  -0.000000 -16.060161  -0.018016 -19.766677 273.342429 276.163712   0.196323   0.196439 275.135073   0.198415
   480   0.000000 235.876629 -78.214963 -28.639819 -16.047407  -0.000000 -16.030357  -0.017049 -19.748983 273.315090 276.134152   0.196318   0.196439 275.106888   0.198415
   481   0.000000 235.719737 -78.244339 -28.615889 -16.016025  -0.000000 -15.999897  -0.016129 -19.733436 273.287639 276.104776   0.196313   0.196439 275.078595   0.198414
   482   0.000000 235.562994 -78.273106 -28.591490 -15.984198  -0.000000 -15.968947  -0.015251 -19.719956 273.260080 276.075576   0.196309   0.196439 275.050197   0.198414
   483   0.000000 235.406367 -78.301311 -28.566518 -15.952072  -0.000000 -15.937657  -0.014416 -19.708473 273.232415 276.046546   0.196304   0.196439 275.021691   0.198413
   484   0.000000 235.249821 -78.328998 -28.540879 -15.919778  -0.000000 -15.906159  -0.013619 -19.698921 273.204645 276.017679   0.196299   0.196439 274.993078   0.198413
   485   0.000000 235.093326 -78.356206 -28.514488 -15.887427  -0.000000 -15.874569  -0.012859 -19.691241 273.176772 275.988969   0.196294   0.196439 274.964357   0.198413
   486   0.000000 234.936847 -78.382975 -28.487273 -15.855120  -0.000000 -15.842987  -0.012134 -19.685378 273.151661 275.960495   0.196290   0.196439 274.937001   0.198412
   487   0.000000 234.780353 -78.422173 -28.397171 -15.791934  -0.000000 -15.780520  -0.011414 -19.661842 273.124944 275.932198   0.196285   0.196439 274.908663   0.198412
   488   0.000000 234.626506 -78.451644 -28.345763 -15.941711  -0.000000 -15.930829  -0.010882 -19.650777 273.098133 275.904070   0.196280   0.196439 274.880558   0.198411
   489   0.000000 234.473417 -78.479990 -28.300337 -15.919385  -0.000000 -15.909137  -0.010248 -19.641555 273.070884 275.876092   0.196276   0.196439 274.852247   0.198411
   490   0.000000 234.320602 -78.506142 -28.262859 -15.904034  -0.000000 -15.894388  -0.009646 -19.636455 273.043572 275.848259   0.196271   0.196439 274.823883   0.198410
   491   0.000000 234.167627 -78.532207 -28.223631 -15.889523  -0.000000 -15.880453  -0.009070 -19.632808 273.016185 275.820566   0.196267   0.196439 274.795413   0.198410
   492   0.000000 234.014502 -78.558113 -28.182799 -15.875411  -0.000000 -15.866893  -0.008518 -19.630668 272.988705 275.793006   0.196262   0.196439 274.766830   0.198410
   493   0.000000 233.861242 -78.583776 -28.140837 -15.861642  -0.000000 -15.853653  -0.007989 -19.630108 272.961129 275.765574   0.196257   0.196439 274.738137   0.198409
   494   0.000000 233.707837 -78.609184 -28.097893 -15.848115  -0.000000 -15.840633  -0.007482 -19.631117 272.933453 275.738264   0.196253   0.196439 274.709330   0.198409
   495   0.000000 233.554265 -78.634348 -28.054030 -15.834763  -0.000000 -15.827767  -0.006995 -19.633677 272.905675 275.711071   0.196248   0.196439 274.680410   0.198408
   496   0.000000 233.400500 -78.659280 -28.009284 -15.821550  -0.000000 -15.815021  -0.006529 -19.637769 272.877793 275.683989   0.196244   0.196439 274.651373   0.198408
   497   0.000000 233.246514 -78.683996 -27.963679 -15.808462  -0.000000 -15.802381  -0.006081 -19.643372 272.849804 275.657013   0.196239   0.196439 274.622216   0.198407
   498   0.000000 233.092279 -78.708514 -27.917230 -15.795496  -0.000000 -15.789844  -0.005652 -19.650467 272.821705 275.630139   0.196235   0.196439 274.592937   0.198407
   499   0.000000 232.937767 -78.732851 -27.869950 -15.782651  -0.000000 -15.777411  -0.005240 -19.659034 272.793495 275.603360   0.196230   0.196439 274.563534   0.198407
   500   0.000000 232.782953 -78.757025 -27.821853 -15.769930  -0.000000 -15.765086  -0.004844 -19.669051 272.765173 275.576673   0.196226   0.196439 274.534005   0.198406
   501   0.000000 232.627810 -78.781052 -27.772952 -15.757336  -0.000000 -15.752871  -0.004465 -19.680497 272.736736 275.550072   0.196222   0.196439 274.504348   0.198406
   502   0.000000 232.472316 -78.804948 -27.723266 -15.744869  -0.000000 -15.740769  -0.004100 -19.693351 272.708184 275.523554   0.196217   0.196439 274.474561   0.198405
   503   0.000000 232.316450 -78.828731 -27.672814 -15.732530  -0.000000 -15.728780  -0.003751 -19.707588 272.679515 275.497113   0.196213   0.196439 274.444643   0.198405
   504   0.000000 232.160192 -78.852414 -27.621621 -15.720318  -0.000000 -15.716903  -0.003415 -19.723186 272.650729 275.470746   0.196208   0.196439 274.414593   0.198404
   505   0.000000 232.003525 -78.876013 -27.566313 -15.706291  -0.000000 -15.703198  -0.003093 -19.740119 272.621726 275.444446   0.196204   0.196439 274.384329   0.198404
   506   0.000000 231.846578 -78.898953 -27.510790 -15.692849  -0.000000 -15.690064  -0.002785 -19.759041 272.592543 275.418207   0.196200   0.196439 274.353889   0.198404
   507   0.000000 231.689262 -78.921493 -27.454329 -15.679478  -0.000000 -15.676989  -0.002489 -19.779647 272.563187 275.392024   0.196195   0.196439 274.323270   0.198403
   508   0.000000 231.531522 -78.943715 -27.396749 -15.666049  -0.000000 -15.663843  -0.002205 -19.801856 272.533656 275.365892   0.196191   0.196439 274.292468   0.198403
   509   0.000000 231.373319 -78.965651 -27.338051 -15.652545  -0.000000 -15.650612  -0.001934 -19.825647 272.503949 275.339806   0.196187   0.196439 274.261478   0.198402
   510   0.000000 231.214623 -78.987321 -27.278247 -15.638955  -0.000000 -15.637282  -0.001673 -19.851000 272.474062 275.313762   0.196182   0.196439 274.230297   0.198402
   511   0.000000 231.055406 -79.008743 -27.217353 -15.625262  -0.000000 -15.623838  -0.001424 -19.877901 272.443994 275.287756   0.196178   0.196439 274.198922   0.198402
   512   0.000000 230.895645 -79.029928 -27.155386 -15.611448  -0.000000 -15.610263  -0.001185 -19.906333 272.413743 275.261783   0.196174   0.196439 274.167349   0.198401
   513   0.000000 230.735319 -79.050887 -27.092363 -15.597495  -0.000000 -15.596539  -0.000956 -19.936285 272.383304 275.235839   0.196170   0.196439 274.135576   0.198401
   514   0.000000 230.574411 -79.071629 -27.028306 -15.583384  -0.000000 -15.582647  -0.000737 -19.967742 272.352678 275.209920   0.196165   0.196439 274.103600   0.198400
   515   0.000000 230.412903 -79.092161 -26.963234 -15.569096  -0.000000 -15.568567  -0.000528 -20.000691 272.321861 275.184021   0.196161   0.196439 274.071418   0.198400
   516   0.000000 230.250779 -79.112489 -26.897167 -15.554608  -0.000000 -15.554280  -0.000328 -20.035120 272.290851 275.158139   0.196157   0.196439 274.039029   0.198399
   517   0.000000 230.088024 -79.132619 -26.830126 -15.539902  -0.000000 -15.539764  -0.000138 -20.071016 272.259646 275.132269   0.196167   0.196440 274.006430   0.198409
   518   0.000000 229.924625 -79.152555 -26.762134 -15.496827  -0.000000 -15.496827  -0.000000 -20.108366 272.227720 275.106395   0.196221   0.196442 273.973350   0.198448
   519   0.000000 229.760569 -79.169980 -26.704631 -15.384605  -0.000000 -15.384605  -0.000000 -20.150722 272.194087 275.080472   0.196274   0.196443 273.939288   0.198484
   520   0.000000 229.595360 -79.180992 -26.677252 -15.319138  -0.000000 -15.319138  -0.000000 -20.204699 272.160437 275.054507   0.196326   0.196445 273.905069   0.198517
   521   0.000000 229.427697 -79.194370 -26.637905 -15.260845  -0.000000 -15.260845  -0.000000 -20.258495 272.126638 275.028502   0.196378   0.196447 273.870477   0.198547
   522   0.000000 229.258147 -79.208972 -26.590920 -15.208232  -0.000000 -15.208232  -0.000000 -20.313052 272.092643 275.002457   0.196430   0.196449 273.835545   0.198576
   523   0.000000 229.087100 -79.224213 -26.539055 -15.160132  -0.000000 -15.160132  -0.000000 -20.368698 272.058448 274.976370   0.196481   0.196451 273.800312   0.198603
   524   0.000000 228.914779 -79.239864 -26.483483 -15.115322  -0.000000 -15.115322  -0.000000 -20.425450 272.024055 274.950241   0.196532   0.196453 273.764800   0.198629
   525   0.000000 228.741328 -79.255788 -26.424915 -15.072951  -0.000000 -15.072951  -0.000000 -20.483300 271.989464 274.924069   0.196582   0.196454 273.729026   0.198653
   526   0.000000 228.566844 -79.271893 -26.363834 -15.032440  -0.000000 -15.032440  -0.000000 -20.542239 271.954673 274.897853   0.196632   0.196456 273.692999   0.198677
   527   0.000000 228.391394 -79.288115 -26.300581 -14.993384  -0.000000 -14.993384  -0.000000 -20.602260 271.919684 274.871593   0.196682   0.196458 273.656725   0.198699
   528   0.000000 228.215021 -79.304411 -26.235400 -14.955485  -0.000000 -14.955485  -0.000000 -20.663357 271.884496 274.845285   0.196731   0.196460 273.620211   0.198721
   529   0.000000 228.037759 -79.320749 -26.168480 -14.918519  -0.000000 -14.918519  -0.000000 -20.725522 271.849108 274.818930   0.196780   0.196462 273.583458   0.198741
   530   0.000000 227.859630 -79.337104 -26.099966 -14.882308  -0.000000 -14.882308  -0.000000 -20.788752 271.813519 274.792525   0.196828   0.196463 273.546468   0.198761
   531   0.000000 227.680652 -79.353458 -26.029978 -14.846708  -0.000000 -14.846708  -0.000000 -20.853039 271.777729 274.766069   0.196876   0.196465 273.509243   0.198781
   532   0.000000 227.500837 -79.369797 -25.958616 -14.811599  -0.000000 -14.811599  -0.000000 -20.918381 271.741737 274.739561   0.196924   0.196467 273.471785   0.198799
   533   0.000000 227.320194 -79.386108 -25.885965 -14.776879  -0.000000 -14.776879  -0.000000 -20.984772 271.705541 274.712999   0.196972   0.196469 273.434093   0.198818
   534   0.000000 227.138729 -79.402382 -25.812102 -14.742458  -0.000000 -14.742458  -0.000000 -21.052209 271.669141 274.686382   0.197019   0.196470 273.396167   0.198835
   535   0.000000 226.956448 -79.418611 -25.737095 -14.708257  -0.000000 -14.708257  -0.000000 -21.120687 271.632535 274.659707   0.197066   0.196472 273.358008   0.198852
   536   0.000000 226.773354 -79.434788 -25.661005 -14.674208  -0.000000 -14.674208  -0.000000 -21.190201 271.595724 274.632974   0.197112   0.196474 273.319616   0.198869
   537   0.000000 226.589451 -79.450906 -25.583887 -14.640246  -0.000000 -14.640246  -0.000000 -21.260747 271.558705 274.606180   0.197158   0.196476 273.280991   0.198886
   538   0.000000 226.404739 -79.466962 -25.505793 -14.606314  -0.000000 -14.606314  -0.000000 -21.332320 271.521479 274.579323   0.197204   0.196477 273.242131   0.198901
   539   0.000000 226.219220 -79.482951 -25.426772 -14.572361  -0.000000 -14.572361  -0.000000 -21.404915 271.484043 274.552404   0.197250   0.196479 273.203038   0.198917
   540   0.000000 226.032896 -79.498870 -25.346867 -14.538338  -0.000000 -14.538338  -0.000000 -21.478526 271.446398 274.525419   0.197295   0.196481 273.163711   0.198932
   541   0.000000 225.845767 -79.514715 -25.262572 -14.502164  -0.000000 -14.502164  -0.000000 -21.553147 271.408431 274.498363   0.197340   0.196483 273.124040   0.198947
   542   0.000000 225.657983 -79.529848 -25.178129 -14.466463  -0.000000 -14.466463  -0.000000 -21.629527 271.370189 274.471234   0.197384   0.196484 273.084074   0.198962
   543   0.000000 225.469430 -79.544591 -25.092586 -14.430459  -0.000000 -14.430459  -0.000000 -21.707316 271.331675 274.444029   0.197429   0.196486 273.043805   0.198976
   544   0.000000 225.280030 -79.559030 -25.005723 -14.393956  -0.000000 -14.393956  -0.000000 -21.786477 271.292881 274.416744   0.197472   0.196488 273.003225   0.198990
   545   0.000000 225.089723 -79.573190 -24.917563 -14.356924  -0.000000 -14.356924  -0.000000 -21.867042 271.253799 274.389377   0.197516   0.196490 272.962324   0.199004
   546   0.000000 224.898460 -79.587089 -24.828146 -14.319345  -0.000000 -14.319345  -0.000000 -21.949040 271.214424 274.361923   0.197559   0.196491 272.921097   0.199017
   547   0.000000 224.706197 -79.600744 -24.737511 -14.281199  -0.000000 -14.281199  -0.000000 -22.032492 271.174751 274.334381   0.197602   0.196493 272.879536   0.199030
   548   0.000000 224.512895 -79.614170 -24.645698 -14.242464  -0.000000 -14.242464  -0.000000 -22.117415 271.134773 274.306747   0.197645   0.196495 272.837638   0.199043
   549   0.000000 224.318521 -79.627381 -24.552748 -14.203120  -0.000000 -14.203120  -0.000000 -22.203821 271.094488 274.279018   0.197687   0.196496 272.795397   0.199056
   550   0.000000 224.123043 -79.640392 -24.458701 -14.163149  -0.000000 -14.163149  -0.000000 -22.291715 271.053891 274.251191   0.197729   0.196498 272.752809   0.199068
   551   0.000000 223.926434 -79.653215 -24.363598 -14.122530  -0.000000 -14.122530  -0.000000 -22.381100 271.012981 274.223263   0.197770   0.196500 272.709872   0.199080
   552   0.000000 223.728670 -79.665864 -24.267479 -14.081249  -0.000000 -14.081249  -0.000000 -22.471975 270.971754 274.195230   0.197811   0.196502 272.666583   0.199092
   553   0.000000 223.529731 -79.678350 -24.170385 -14.039290  -0.000000 -14.039290  -0.000000 -22.564335 270.930209 274.167091   0.197852   0.196503 272.622940   0.199104
   554   0.000000 223.329596 -79.690687 -24.072358 -13.996639  -0.000000 -13.996639  -0.000000 -22.658172 270.888346 274.138842   0.197893   0.196505 272.578942   0.199115
   555   0.000000 223.128251 -79.702887 -23.973439 -13.953285  -0.000000 -13.953285  -0.000000 -22.753475 270.846162 274.110481   0.197933   0.196507 272.534588   0.199126
   556   0.000000 222.925681 -79.714962 -23.873672 -13.909217  -0.000000 -13.909217  -0.000000 -22.850231 270.803659 274.082005   0.197973   0.196508 272.489878   0.199137
   557   0.000000 222.721875 -79.726924 -23.773100 -13.864428  -0.000000 -13.864428  -0.000000 -22.948422 270.760836 274.053412   0.198013   0.196510 272.444811   0.199148
   558   0.000000 222.516824 -79.738787 -23.671765 -13.818911  -0.000000 -13.818911  -0.000000 -23.048029 270.717694 274.024699   0.198052   0.196512 272.399390   0.199159
   559   0.000000 222.310519 -79.750562 -23.569714 -13.772662  -0.000000 -13.772662  -0.000000 -23.149030 270.674235 273.995864   0.198091   0.196513 272.353614   0.199169
   560   0.000000 222.102955 -79.762263 -23.466990 -13.725678  -0.000000 -13.725678  -0.000000 -23.251400 270.630460 273.966905   0.198129   0.196515 272.307487   0.199180
   561   0.000000 221.894130 -79.773903 -23.363641 -13.677961  -0.000000 -13.677961  -0.000000 -23.355113 270.586372 273.937820   0.198167   0.196516 272.261010   0.199190
   562   0.000000 221.684041 -79.785495 -23.259712 -13.629510  -0.000000 -13.629510  -0.000000 -23.460138 270.541972 273.908607   0.198205   0.196518 272.214186   0.199200
   563   0.000000 221.472688 -79.797052 -23.155252 -13.580330  -0.000000 -13.580330  -0.000000 -23.566444 270.497265 273.879265   0.198243   0.196520 272.167020   0.199209
   564   0.039444 221.260074 -79.777035 -23.050308 -13.530427  -0.000000 -13.530427  -0.000000 -23.673995 270.452928 273.849811   0.198280   0.196521 272.119891   0.199219
   565   0.299562 221.046203 -79.583400 -22.933277 -13.472464  -0.000000 -13.472464  -0.000000 -23.778186 270.412190 273.820360   0.198317   0.196523 272.074611   0.199228
   566   1.458094 220.831582 -78.687516 -22.750341 -13.372770  -0.000000 -13.372770  -0.000000 -23.857191 270.387365 273.791382   0.198353   0.196525 272.038116   0.199237
   567   4.317559 220.619032 -76.498147 -22.299380 -13.105470  -0.000000 -13.105470  -0.000000 -23.828120 270.394708 273.763789   0.198388   0.196526 272.019623   0.199246
   568   9.290054 220.420016 -72.745128 -21.331956 -12.516738  -0.000000 -12.516738  -0.000000 -23.583570 270.444883 273.738727   0.198421   0.196528 272.025766   0.199252
   569  16.382590 220.256317 -67.448158 -19.711560 -11.520273  -0.000000 -11.520273  -0.000000 -23.056913 270.540955 273.717333   0.198450   0.196529 272.059701   0.199257
   570  25.390383 220.154545 -60.758915 -17.430699 -10.104411  -0.000000 -10.104411  -0.000000 -22.234647 270.681060 273.700590   0.198474   0.196530 272.122258   0.199258
   571  36.039777 220.139855 -52.864425 -14.555056  -8.297119  -0.000000  -8.297119  -0.000000 -21.136706 270.861077 273.689278   0.198492   0.196531 272.212974   0.199255
   572  48.058016 220.232409 -43.946218 -11.176110  -6.138338  -0.000000  -6.138338  -0.000000 -19.797408 271.076178 273.683978   0.198501   0.196532 272.330696   0.199247
   573  61.200008 220.446245 -34.166641  -7.386689  -3.666810  -0.000000  -3.666810  -0.000000 -18.254601 271.321561 273.685092   0.198502   0.196532 272.473897   0.199234
   574  75.255042 220.789445 -23.666421  -3.271135  -0.915513  -0.000000  -0.915513  -0.000000 -16.544719 271.592733 273.692868   0.198493   0.196533 272.640833   0.199215
   575  90.045335 221.264801 -12.566367   1.095495   2.084867   0.000000   2.084867   0.000000 -14.700947 271.886194 273.707447   0.198481   0.196533 272.861929   0.199196
   576 105.421836 222.643279  -0.223434   1.573849   3.472414   0.000000   3.472318   0.000097 -12.748767 272.290061 273.731607   0.198468   0.196533 273.206372   0.199178
