     0  98.251985 247.991806  -3.909329   1.134123  11.518442   0.000000   0.000000  11.518442   0.000000 276.270768 276.829166   0.199162   0.199166 277.192496   0.199161
     1 113.772216 248.238965  11.425026  -4.372652   8.073600   0.000000   0.000000   8.073600  -3.908785 276.783311 276.828915   0.199156   0.199165 277.537554   0.199156
     2 129.683878 247.913223  21.454230   0.435925  11.294135   0.000000   0.000000  11.294135  -0.319232 277.149599 276.839561   0.199150   0.199164 277.781523   0.199151
     3 145.892212 247.991714  32.785060   5.287948  13.479293   0.000000   0.000000  13.479293   2.170269 277.550506 276.861111   0.199145   0.199162 278.065719   0.199146
     4 162.316619 248.308914  44.350700  10.770549  15.961184   0.000000   0.000000  15.961184   4.825765 277.957427 276.892767   0.199139   0.199160 278.352980   0.199142
     5 178.888047 248.780016  56.146660  16.458717  18.645226   0.000000   0.000000  18.645226   7.452621 278.365696 276.933709   0.199133   0.199158 278.624689   0.199138
     6 195.546888 249.357439  68.100842  22.169933  21.393190   0.000000   0.000000  21.393190  10.023909 278.779679 276.983361   0.199128   0.199155 278.865715   0.199134
     7 212.241288 250.043131  80.152735  27.972881  24.400227   0.000000   0.000000  24.400227  12.574229 279.191407 277.040989   0.199122   0.199152 279.058953   0.199130
     8 228.925799 250.791198  92.259228  33.786004  27.543287   0.000000   0.000000  27.543287  15.052921 279.599835 277.105921   0.199117   0.199149 279.241869   0.199126
     9 245.560294 251.640112 104.430674  39.397065  30.873839   0.000000   0.000000  30.873839  17.457396 280.008747 277.177677   0.199111   0.199145 279.432694   0.199122
    10 262.109094 252.553748 116.585401  44.981605  34.391330   0.000000   0.000000  34.391330  19.817493 280.413840 277.255703   0.199105   0.199141 279.628839   0.199119
    11 278.540260 253.562755 128.748403  50.271250  38.067753   0.000000   0.000000  38.067753  22.106961 280.820405 277.339667   0.199100   0.199137 279.837668   0.199115
    12 294.825024 254.651301 140.855753  55.416578  41.930240   0.000000   0.000000  41.930240  24.365165 281.226094 277.429202   0.199094   0.199132 280.057258   0.199112
    13 310.937318 255.810704 152.889539  60.370223  45.952552   0.000000   0.000000  45.952552  26.578249 281.630525 277.523965   0.199089   0.199126 280.286640   0.199109
    14 326.853391 257.037163 164.828984  65.112791  50.126779   0.000000   0.000000  50.126779  28.745920 282.033554 277.623647   0.199083   0.199120 280.525450   0.199105
    15 342.551494 258.314457 176.641723  69.695237  54.447664   0.000000   0.000000  54.447664  30.869349 282.433153 277.727903   0.199078   0.199113 280.770980   0.199102
    16 358.011615 259.629875 188.309528  74.109450  58.892843   0.000000   0.000000  58.892843  32.936749 282.828034 277.836383   0.199072   0.199106 281.021119   0.199099
    17 373.215268 260.967747 199.809012  78.384431  63.444676   0.000000   0.000000  63.444676  34.941555 283.216364 277.948713   0.199067   0.199099 281.273206   0.199096
    18 388.145307 262.315728 211.123919  82.521728  68.077942   0.000000   0.000000  68.077942  36.873558 283.596862 278.064511   0.199061   0.199091 281.525179   0.199092
    19 402.785774 263.662994 222.237795  86.531899  72.771234   0.000000   0.000000  72.771234  38.726454 283.968372 278.183394   0.199055   0.199082 281.775243   0.199089
    20 417.121775 265.000043 233.135775  90.423519  77.502660   0.000000   0.000000  77.502660  40.494850 284.329929 278.304978   0.199050   0.199073 282.021846   0.199086
    21 431.139368 266.319807 243.805255  94.198779  82.251625   0.000000   0.000000  82.251625  42.174657 284.680870 278.428890   0.199044   0.199063 282.263867   0.199083
    22 444.825472 267.616736 254.234297  97.860960  87.000481   0.000000   0.000000  87.000481  43.763860 285.020703 278.554771   0.199039   0.199052 282.500450   0.199080
    23 458.167792 268.886902 264.412351 101.409790  91.732884   0.000000   0.000000  91.732884  45.261520 285.349142 278.682279   0.199033   0.199041 282.731018   0.199076
    24 476.381544 270.127632 278.511046 104.844341  96.535393   0.000000   0.000000  96.535393  46.668039 285.750367 278.813611   0.199027   0.199030 282.960559   0.199073
    25 489.031768 271.337180 287.749420 110.657229 102.553490   0.000000   0.000000 102.553490  48.557292 286.038583 278.945192   0.199022   0.199017 283.177049   0.199070
    26 501.303995 272.561172 297.272887 113.124963 106.895987   0.000000   0.000000 106.895987  49.653738 286.341410 279.077603   0.199016   0.199005 283.396056   0.199067
    27 513.188552 273.728800 306.351603 116.369236 111.605695   0.000000   0.000000 111.605695  50.846648 286.624765 279.210338   0.199010   0.198991 283.604009   0.199063
    28 524.676294 274.862686 315.176049 119.251627 116.102637   0.000000   0.000000 116.102637  51.900992 286.898450 279.343220   0.199005   0.198977 283.805257   0.199060
    29 535.758573 275.959029 323.685597 122.079301 120.543358   0.000000   0.000000 120.543358  52.886612 287.160258 279.476012   0.198999   0.198963 283.999114   0.199057
    30 546.427216 277.020523 331.888232 124.765316 124.877145   0.000000   0.000000 124.877145  53.789723 287.411168 279.608519   0.198993   0.198948 284.186132   0.199053
    31 556.674497 278.047709 339.773695 127.330827 129.110412   0.000000   0.000000 129.110412  54.618543 287.651248 279.740553   0.198987   0.198932 284.366457   0.199050
    32 566.493120 279.041470 347.337078 129.768151 133.233250   0.000000   0.000000 133.233250  55.374867 287.880783 279.871946   0.198981   0.198916 284.540302   0.199047
    33 575.876204 280.002480 354.572466 132.077846 137.240077   0.000000   0.000000 137.240077  56.061863 288.099975 280.002538   0.198976   0.198900 284.707837   0.199043
    34 584.817264 280.931426 361.474665 134.258571 141.124178   0.000000   0.000000 141.124178  56.682057 288.309029 280.132184   0.198970   0.198883 284.869233   0.199040
    35 593.310204 281.828991 368.038739 136.309700 144.879397   0.000000   0.000000 144.879397  57.237921 288.508138 280.260746   0.198964   0.198866 285.024658   0.199036
    36 601.349298 282.695882 374.260130 138.230519 148.499838   0.000000   0.000000 148.499838  57.731748 288.697485 280.388098   0.198958   0.198848 285.174280   0.199033
    37 608.929187 283.532831 380.134614 140.049832 151.993691   0.000000   0.000000 151.993691  58.165708 288.876441 280.514097   0.198952   0.198830 285.318382   0.199030
    38 616.044869 284.341284 385.663220 141.734587 155.336888   0.000000   0.000000 155.336888  58.536408 289.045512 280.638622   0.198946   0.198811 285.457246   0.199026
    39 622.691687 285.121948 390.840535 143.292610 158.530750   0.000000   0.000000 158.530750  58.848232 289.204853 280.761557   0.198939   0.198792 285.591021   0.199023
    40 628.865330 285.875668 395.663373 144.720648 161.569931   0.000000   0.000000 161.569931  59.103074 289.354683 280.882799   0.198933   0.198772 285.719875   0.199019
    41 634.561822 286.603200 400.128379 146.018339 164.451194   0.000000   0.000000 164.451194  59.303187 289.495179 281.002251   0.198927   0.198753 285.843959   0.199015
    42 639.777518 287.305263 404.232623 147.184523 167.171058   0.000000   0.000000 167.171058  59.450495 289.626512 281.119823   0.198921   0.198733 285.963415   0.199012
    43 644.509101 287.982522 407.973402 148.218268 169.726434   0.000000   0.000000 169.726434  59.546820 289.748839 281.235432   0.198915   0.198712 286.078372   0.199008
    44 648.753579 288.635592 411.348273 149.118610 172.114448   0.000000   0.000000 172.114448  59.593848 289.862308 281.348999   0.198908   0.198692 286.188948   0.199005
    45 652.508280 289.265036 414.355034 149.884627 174.332497   0.000000   0.000000 174.332497  59.593161 289.967058 281.460452   0.198902   0.198671 286.295249   0.199001
    46 655.770848 289.871368 416.991723 150.515417 176.378251   0.000000   0.000000 176.378251  59.546241 290.063219 281.569722   0.198895   0.198650 286.397371   0.198997
    47 658.539247 290.455061 419.256616 151.010104 178.249660   0.000000   0.000000 178.249660  59.454480 290.150915 281.676746   0.198889   0.198628 286.495399   0.198994
    48 660.811751 291.016542 421.148229 151.367834 179.944974   0.000000   0.000000 179.944974  59.319182 290.230260 281.781464   0.198882   0.198607 286.589410   0.198990
    49 662.586950 291.556203 422.665320 151.587773 181.462759   0.000000   0.000000 181.462759  59.141568 290.301359 281.883819   0.198876   0.198585 286.679471   0.198986
    50 663.863741 292.074398 423.806892 151.669104 182.801897   0.000000   0.000000 182.801897  58.922775 290.364309 281.983758   0.198869   0.198563 286.765641   0.198983
    51 664.641335 292.571447 424.572198 151.611016 183.961578   0.000000   0.000000 183.961578  58.663859 290.419201 282.081230   0.198862   0.198541 286.847972   0.198979
    52 664.919250 293.047643 424.960743 151.412715 184.941279   0.000000   0.000000 184.941279  58.365796 290.466113 282.176186   0.198855   0.198519 286.926511   0.198975
    53 664.697315 293.503253 424.972287 151.073422 185.740737   0.000000   0.000000 185.740737  58.029492 290.505121 282.268581   0.198849   0.198496 287.001297   0.198971
    54 663.975667 293.938525 424.606844 150.592391 186.359927   0.000000   0.000000 186.359927  57.655784 290.536291 282.358370   0.198842   0.198474 287.072365   0.198968
    55 662.754752 294.353686 423.864682 149.968926 186.799041   0.000000   0.000000 186.799041  57.245450 290.559685 282.445511   0.198835   0.198452 287.139745   0.198964
    56 661.035327 294.748949 422.746321 149.202392 187.058469   0.000000   0.000000 187.058469  56.799216 290.575359 282.529964   0.198828   0.198429 287.203464   0.198960
    57 658.818456 295.124513 421.252534 148.292238 187.138786   0.000000   0.000000 187.138786  56.317761 290.583364 282.611690   0.198821   0.198407 287.263543   0.198957
    58 656.105517 295.480559 419.384340 147.238008 187.040739   0.000000   0.000000 187.040739  55.801720 290.583748 282.690650   0.198814   0.198384 287.320002   0.198953
    59 652.898200 295.817254 417.143006 146.039360 186.765233   0.000000   0.000000 186.765233  55.251689 290.576555 282.766809   0.198807   0.198362 287.372852   0.198949
    60 649.198507 296.134743 414.530044 144.696081 186.313325   0.000000   0.000000 186.313325  54.668223 290.561822 282.840130   0.198799   0.198340 287.422104   0.198945
    61 645.008758 296.433150 411.547211 143.208097 185.686213   0.000000   0.000000 185.686213  54.051843 290.539584 282.910579   0.198792   0.198317 287.467761   0.198942
    62 640.331587 296.712572 408.196505 141.575490 184.885232   0.000000   0.000000 184.885232  53.403031 290.509872 282.978124   0.198785   0.198295 287.509820   0.198938
    63 635.169953 296.973079 404.480168 139.798504 183.911841   0.000000   0.000000 183.911841  52.722233 290.472710 283.042731   0.198778   0.198273 287.548272   0.198934
    64 629.527135 297.214706 400.400687 137.877556 182.767622   0.000000   0.000000 182.767622  52.009854 290.428120 283.104368   0.198770   0.198251 287.583099   0.198931
    65 623.406742 297.437456 395.960791 135.813238 181.454277   0.000000   0.000000 181.454277  51.266263 290.376116 283.163004   0.198763   0.198229 287.614279   0.198927
    66 616.812711 297.641294 391.163461 133.606315 179.973620   0.000000   0.000000 179.973620  50.491787 290.316709 283.218607   0.198755   0.198208 287.641777   0.198923
    67 609.749317 297.826151 386.011933 131.257729 178.327584   0.000000   0.000000 178.327584  49.686714 290.249903 283.271147   0.198748   0.198186 287.665552   0.198920
    68 602.221176 297.991923 380.509698 128.768588 176.518222   0.000000   0.000000 176.518222  48.851292 290.175698 283.320593   0.198740   0.198165 287.685556   0.198916
    69 594.233253 298.138474 374.660517 126.140169 174.547709   0.000000   0.000000 174.547709  47.985734 290.094088 283.366914   0.198733   0.198144 287.701729   0.198912
    70 585.790866 298.265635 368.468419 123.373911 172.418349   0.000000   0.000000 172.418349  47.090213 290.005063 283.410081   0.198725   0.198124 287.714006   0.198909
    71 576.899699 298.373212 361.937718 120.471414 170.132579   0.000000   0.000000 170.132579  46.164872 289.908607 283.450061   0.198717   0.198103 287.722309   0.198905
    72 567.565807 298.460984 355.073014 117.434436 167.692980   0.000000   0.000000 167.692980  45.209819 289.804701 283.486825   0.198709   0.198083 287.726556   0.198902
    73 557.795629 298.528707 347.879212 114.272579 165.107085   0.000000   0.000000 165.107085  44.225132 289.693116 283.520335   0.198702   0.198063 287.726657   0.198898
    74 547.596003 298.576245 340.362745 110.978933 162.371744   0.000000   0.000000 162.371744  43.209467 289.573913 283.550557   0.198694   0.198044 287.722525   0.198895
    75 536.974177 298.603240 332.528596 107.557762 159.491709   0.000000   0.000000 159.491709  42.163493 289.447068 283.577457   0.198686   0.198025 287.714031   0.198891
    76 525.937826 298.609372 324.382573 104.010847 156.469969   0.000000   0.000000 156.469969  41.087279 289.312565 283.601000   0.198678   0.198006 287.701041   0.198888
    77 514.495075 298.594295 315.930762 100.340767 153.310084   0.000000   0.000000 153.310084  39.980956 289.170379 283.621154   0.198670   0.197987 287.683408   0.198885
    78 502.654516 298.557657 307.179663  96.550139 150.015662   0.000000   0.000000 150.015662  38.844576 289.020479 283.637884   0.198662   0.197969 287.660975   0.198881
    79 490.425237 298.499097 298.136176  92.641826 146.590494   0.000000   0.000000 146.590494  37.678165 288.862830 283.651157   0.198654   0.197952 287.633567   0.198878
    80 477.816851 298.418241 288.807627  88.618913 143.038538   0.000000   0.000000 143.038538  36.481713 288.697394 283.660939   0.198646   0.197935 287.600990   0.198875
    81 464.839530 298.314714 279.201793  84.484741 139.363917   0.000000   0.000000 139.363917  35.255187 288.524128 283.667195   0.198638   0.197918 287.563031   0.198871
    82 451.504044 298.188129 269.326930  80.242931 135.570928   0.000000   0.000000 135.570928  33.998529 288.342985 283.669890   0.198630   0.197902 287.519447   0.198868
    83 437.821809 298.038095 259.191813  75.897423 131.664033   0.000000   0.000000 131.664033  32.711662 288.153917 283.668990   0.198622   0.197886 287.469958   0.198865
    84 423.804940 297.864216 248.805773  71.452508 127.647857   0.000000   0.000000 127.647857  31.394487 287.956872 283.664459   0.198613   0.197871 287.414239   0.198862
    85 409.466315 297.666090 238.178751  66.912885 123.527181   0.000000   0.000000 123.527181  30.046892 287.751795 283.656260   0.198605   0.197856 287.351896   0.198859
    86 394.819646 297.443312 227.321356  62.283706 119.306933   0.000000   0.000000 119.306933  28.668746 287.538630 283.644358   0.198597   0.197842 287.282437   0.198856
    87 379.879570 297.195471 216.244932  57.570655 114.992174   0.000000   0.000000 114.992174  27.259905 287.317315 283.628714   0.198589   0.197828 287.205209   0.198853
    88 364.661749 296.922155 204.961640  52.780024 110.588079   0.000000   0.000000 110.588079  25.820212 287.087791 283.609291   0.198581   0.197814 287.119259   0.198850
    89 349.182992 296.622952 193.484559  47.918816 106.099913   0.000000   0.000000 106.099913  24.349495 286.849991 283.586052   0.198572   0.197802 287.022861   0.198847
    90 333.461400 296.297449 181.827801  42.994875 101.532988   0.000000   0.000000 101.532988  22.847573 286.603850 283.558957   0.198564   0.197790 286.910580   0.198844
    91 317.516536 295.945240 170.006652  38.017052  96.892605   0.000000   0.000000  96.892605  21.314249 286.349298 283.527967   0.198556   0.197778 286.782334   0.198842
    92 301.369632 295.565928 158.037742  32.995415  92.183965   0.000000   0.000000  92.183965  19.749313 286.086261 283.493042   0.198547   0.197767 286.640074   0.198839
    93 285.043833 295.159133 145.939255  27.941552  87.412011   0.000000   0.000000  87.412011  18.152532 285.814662 283.454142   0.198539   0.197756 286.484639   0.198836
    94 268.564502 294.724504 133.731188  22.868996  82.581174   0.000000   0.000000  82.581174  16.523645 285.534414 283.411223   0.198531   0.197746 286.316712   0.198834
    95 251.959572 294.261739 121.435667  17.793876  77.694890   0.000000   0.000000  77.694890  14.862339 285.245418 283.364244   0.198522   0.197737 286.136852   0.198831
    96 235.259997 293.770612 109.077361  12.736009  72.754641   0.000000   0.000000  72.754641  13.168217 284.947549 283.313159   0.198514   0.197728 285.945517   0.198829
    97 218.500280 293.251027  96.684014   7.720966  67.757776   0.000000   0.000000  67.757776  11.440726 284.640639 283.257921   0.198506   0.197720 285.743077   0.198826
    98 201.719146 292.703115  84.287166   2.784764  62.691443   0.000000   0.000000  62.691443   9.679027 284.324443 283.198476   0.198497   0.197713 285.529826   0.198824
    99 184.960353 292.127454  71.923199  -2.011076  57.507444   0.000000   0.000000  57.507444   7.881766 283.998603 283.134764   0.198489   0.197706 285.200608   0.198822
   100 168.273713 291.827918  59.928058  -6.114605  43.163972   0.000000   0.000000  43.163972   6.046871 283.849001 283.072289   0.198481   0.197701 285.049824   0.198820
   101 151.716355 291.257667  46.882269  -6.466905  37.631829   0.000000   0.000000  37.631829   5.436982 283.527145 283.005603   0.198473   0.197696 284.784792   0.198817
   102 135.354305 290.713425  34.881220  -8.732298  30.926897   0.000000   0.000000  30.926897   3.650796 283.158236 282.933542   0.198464   0.197692 284.499239   0.198815
   103 119.264457 290.079328  23.240334 -10.899703  25.388286   0.000000   0.000000  25.388286   1.572856 282.722321 282.854455   0.198456   0.197689 284.163858   0.198813
   104 103.537032 289.362500  12.135164 -13.044235  20.261607   0.000000   0.000000  20.261607  -0.924937 282.230928 282.767179   0.198448   0.197687 283.784104   0.198812
   105  88.278616 288.558322   1.584890 -15.026472  15.637405   0.000000   0.000000  15.637405  -3.753760 281.689583 282.670815   0.198440   0.197685 283.361437   0.198810
   106  73.615845 287.670360  -8.337153 -16.799601  11.521728   0.000000   0.000000  11.521728  -6.868618 281.105004 282.564727   0.198431   0.197684 282.898763   0.198808
   107  59.699709 286.697181 -17.548579 -18.312112   7.897836   0.000000   0.000000   7.897836 -10.218055 280.485613 282.448572   0.198423   0.197683 282.403475   0.198806
   108  46.710194 285.645564 -25.943596 -19.620800   4.840822   0.000000   0.000000   4.840822 -13.740711 279.844047 282.322396   0.198415   0.197682 281.886284   0.198805
   109  34.860288 284.525259 -33.406553 -20.771083   2.388487   0.000000   0.000000   2.388487 -17.348443 279.197362 282.186729   0.198407   0.197682 281.360200   0.198803
   110  24.396919 283.343247 -39.816901 -21.769519   0.564307   0.000000   0.000000   0.564307 -20.925570 278.564206 282.042591   0.198399   0.197682 280.839838   0.198802
   111  15.593004 282.103385 -45.041643 -22.627606  -0.601589  -0.000000  -0.000000  -0.601589 -24.348693 277.964533 281.891486   0.198391   0.197682 280.341441   0.198800
   112   8.717989 280.813608 -48.950373 -23.377314  -1.105274  -0.000000  -0.021969  -1.083305 -27.488674 277.422523 281.735493   0.198383   0.197682 279.884681   0.198799
   113   3.963047 279.483170 -51.491582 -24.042995  -1.038861  -0.000000  -0.064638  -0.974224 -30.190789 276.965653 281.577313   0.198375   0.197682 279.491440   0.198797
   114   1.291982 278.120537 -52.809582 -24.628563  -0.710864  -0.000000  -0.111046  -0.599818 -32.281619 276.623315 281.420280   0.198367   0.197682 279.184696   0.198796
   115   0.252888 276.733476 -53.389253 -25.119373  -0.499154  -0.000000  -0.149243  -0.349911 -33.578755 276.403473 281.267669   0.198359   0.197682 278.970419   0.198794
   116   0.033539 275.331899 -53.901793 -25.494907  -0.470612  -0.000000  -0.178976  -0.291636 -34.049372 276.266433 281.121290   0.198351   0.197682 278.817452   0.198793
   117   0.000000 273.928611 -54.653679 -25.747219  -0.490869  -0.000000  -0.205792  -0.285077 -33.983999 276.158599 280.981218   0.198343   0.197682 278.684556   0.198792
   118   0.000000 272.536986 -55.503662 -25.897126  -0.520591  -0.000000  -0.233182  -0.287409 -33.758335 276.055899 280.846850   0.198335   0.197682 278.554167   0.198790
   119   0.000000 271.167590 -56.356428 -25.979526  -0.551832  -0.000000  -0.262656  -0.289176 -33.536655 275.951672 280.717481   0.198327   0.197682 278.422199   0.198789
   120   0.000000 269.826967 -57.174755 -26.023441  -0.585917  -0.000000  -0.294815  -0.291102 -33.360665 275.846016 280.592512   0.198320   0.197682 278.289455   0.198788
   121   0.000000 268.518442 -57.955892 -26.046549  -0.623061  -0.000000  -0.329950  -0.293111 -33.225475 275.740196 280.471464   0.198312   0.197682 278.157312   0.198787
   122   0.000000 267.243362 -58.704396 -26.057842  -0.663271  -0.000000  -0.368258  -0.295012 -33.118876 275.635229 280.353956   0.198304   0.197683 278.026748   0.198785
   123   0.000000 266.002072 -59.424611 -26.061464  -0.706585  -0.000000  -0.409920  -0.296664 -33.031092 275.531723 280.239679   0.198296   0.197683 277.898321   0.198784
   124   0.000000 264.794487 -60.119409 -26.059248  -0.753109  -0.000000  -0.455124  -0.297985 -32.955696 275.430003 280.128376   0.198289   0.197683 277.772322   0.198783
   125   0.000000 263.620343 -60.790517 -26.051988  -0.803000  -0.000000  -0.504068  -0.298933 -32.888614 275.330235 280.019830   0.198281   0.197683 277.648895   0.198782
   126   0.000000 262.479301 -61.438995 -26.040017  -0.856446  -0.000000  -0.556956  -0.299490 -32.827168 275.232502 279.913856   0.198273   0.197683 277.528110   0.198781
   127   0.000000 261.370985 -62.065560 -26.023472  -0.913654  -0.000000  -0.614002  -0.299653 -32.769480 275.136846 279.810294   0.198266   0.197683 277.410002   0.198779
   128   0.000000 260.294990 -62.670770 -26.002419  -0.974842  -0.000000  -0.675418  -0.299423 -32.714137 275.043290 279.709006   0.198258   0.197683 277.294588   0.198778
   129   0.000000 259.250885 -63.255114 -25.976914  -1.040233  -0.000000  -0.741423  -0.298810 -32.660011 274.951848 279.609871   0.198251   0.197683 277.181875   0.198777
   130   0.000000 258.238214 -63.819069 -25.947021  -1.110056  -0.000000  -0.812233  -0.297824 -32.606163 274.862529 279.512784   0.198243   0.197683 277.071868   0.198776
   131   0.000000 257.256489 -64.363119 -25.912821  -1.184540  -0.000000  -0.888063  -0.296477 -32.551789 274.775338 279.417652   0.198236   0.197683 276.964565   0.198775
   132   0.000000 256.305193 -64.887770 -25.874414  -1.263912  -0.000000  -0.969129  -0.294783 -32.496192 274.690282 279.324392   0.198228   0.197683 276.859963   0.198774
   133   0.000000 255.383773 -65.393550 -25.831910  -1.348397  -0.000000  -1.055639  -0.292758 -32.438768 274.607362 279.232933   0.198221   0.197683 276.758057   0.198773
   134   0.000000 254.491643 -65.881010 -25.785430  -1.438215  -0.000000  -1.147798  -0.290417 -32.378994 274.526578 279.143210   0.198213   0.197683 276.658834   0.198772
   135   0.000000 253.628183 -66.350723 -25.735099  -1.533578  -0.000000  -1.245801  -0.287777 -32.316420 274.447927 279.055165   0.198206   0.197683 276.562280   0.198770
   136   0.000000 252.792742 -66.803282 -25.681043  -1.634690  -0.000000  -1.349837  -0.284854 -32.250668 274.371401 278.968747   0.198199   0.197683 276.468375   0.198769
   137   0.000000 251.984636 -67.239290 -25.623384  -1.741744  -0.000000  -1.460081  -0.281663 -32.181423 274.296991 278.883910   0.198191   0.197683 276.377094   0.198768
   138   0.000000 251.203155 -67.659365 -25.562235  -1.854920  -0.000000  -1.576697  -0.278223 -32.108433 274.224680 278.800610   0.198184   0.197683 276.288409   0.198767
   139   0.000000 250.447565 -68.064129 -25.497701  -1.974382  -0.000000  -1.699833  -0.274549 -32.031506 274.154451 278.718808   0.198177   0.197683 276.202283   0.198766
   140   0.000000 249.717110 -68.454205 -25.429873  -2.100277  -0.000000  -1.829619  -0.270658 -31.950502 274.086280 278.638471   0.198170   0.197683 276.118677   0.198765
   141   0.000000 249.011018 -68.830215 -25.358828  -2.232732  -0.000000  -1.966166  -0.266566 -31.865337 274.020138 278.559563   0.198162   0.197683 276.037546   0.198764
   142   0.000000 248.328503 -69.192772 -25.284630  -2.371851  -0.000000  -2.109564  -0.262288 -31.775976 273.955994 278.482055   0.198155   0.197683 275.958839   0.198763
   143   0.000000 247.668771 -69.542482 -25.207329  -2.517714  -0.000000  -2.259875  -0.257839 -31.682428 273.893811 278.405917   0.198148   0.197683 275.882502   0.198762
   144   0.000000 247.031024 -69.879931 -25.126961  -2.670373  -0.000000  -2.417139  -0.253235 -31.584747 273.833547 278.331122   0.198141   0.197683 275.808478   0.198761
   145   0.000000 246.414464 -70.205692 -25.045332  -2.830035  -0.000000  -2.581545  -0.248490 -31.483025 273.775250 278.257645   0.198134   0.197683 275.736795   0.198760
   146   0.000000 245.818180 -70.520844 -24.961328  -2.996662  -0.000000  -2.753051  -0.243611 -31.376764 273.718856 278.185464   0.198127   0.197683 275.667359   0.198759
   147   0.000000 245.241361 -70.825866 -24.874470  -3.170194  -0.000000  -2.931580  -0.238614 -31.266254 273.664280 278.114553   0.198120   0.197683 275.600069   0.198758
   148   0.000000 244.683246 -71.121099 -24.784560  -3.350537  -0.000000  -3.117025  -0.233512 -31.151915 273.611442 278.044890   0.198113   0.197683 275.534833   0.198757
   149   0.000000 244.143098 -71.406886 -24.691510  -3.537564  -0.000000  -3.309243  -0.228321 -31.034133 273.560271 277.976449   0.198106   0.197683 275.471564   0.198756
   150   0.000000 243.620199 -71.683582 -24.595271  -3.731102  -0.000000  -3.508048  -0.223054 -30.913247 273.510696 277.909206   0.198099   0.197683 275.410182   0.198755
   151   0.000000 243.113849 -71.951544 -24.495816  -3.930938  -0.000000  -3.713215  -0.217723 -30.789572 273.462650 277.843138   0.198092   0.197683 275.350605   0.198754
   152   0.000000 242.623364 -72.211113 -24.393141  -4.136810  -0.000000  -3.924470  -0.212340 -30.663416 273.416065 277.778220   0.198085   0.197684 275.292755   0.198753
   153   0.000000 242.148086 -72.462613 -24.287263  -4.348408  -0.000000  -4.141491  -0.206917 -30.535087 273.370872 277.714428   0.198078   0.197684 275.236555   0.198752
   154   0.000000 241.687378 -72.706346 -24.178226  -4.565374  -0.000000  -4.363909  -0.201465 -30.404892 273.327003 277.651738   0.198071   0.197684 275.181925   0.198751
   155   0.000000 241.240628 -72.942586 -24.066105  -4.787299  -0.000000  -4.591304  -0.195995 -30.273141 273.284390 277.590125   0.198064   0.197684 275.128791   0.198750
   156   0.000000 240.807252 -73.171586 -23.951003  -5.013725  -0.000000  -4.823209  -0.190516 -30.140147 273.242963 277.529565   0.198057   0.197684 275.077077   0.198749
   157   0.000000 240.386690 -73.393571 -23.833056  -5.244148  -0.000000  -5.059109  -0.185040 -30.006220 273.202654 277.470035   0.198051   0.197684 275.026710   0.198748
   158   0.000000 239.978409 -73.608743 -23.712433  -5.478016  -0.000000  -5.298441  -0.179575 -29.871669 273.163395 277.411509   0.198044   0.197684 274.977619   0.198747
   159   0.000000 239.581903 -73.817281 -23.589335  -5.714732  -0.000000  -5.540601  -0.174131 -29.736800 273.125929 277.353987   0.198037   0.197684 274.930236   0.198746
   160   0.000000 239.196690 -74.022979 -23.456807  -5.974032  -0.000000  -5.804754  -0.169278 -29.596409 273.089015 277.297432   0.198030   0.197684 274.883768   0.198745
   161   0.000000 238.822720 -74.220311 -23.326016  -6.222867  -0.000000  -6.058811  -0.164056 -29.458922 273.052960 277.241819   0.198024   0.197684 274.838404   0.198745
   162   0.000000 238.459360 -74.411266 -23.193699  -6.473038  -0.000000  -6.314174  -0.158864 -29.322011 273.017729 277.187122   0.198017   0.197684 274.794089   0.198744
   163   0.000000 238.106171 -74.596108 -23.059965  -6.723797  -0.000000  -6.570088  -0.153709 -29.185751 272.983264 277.133318   0.198010   0.197684 274.750763   0.198743
   164   0.000000 237.762750 -74.774965 -22.925085  -6.974367  -0.000000  -6.825767  -0.148601 -29.050373 272.949503 277.080382   0.198004   0.197684 274.708367   0.198742
   165   0.000000 237.428718 -74.947921 -22.789415  -7.223957  -0.000000  -7.080409  -0.143548 -28.916149 272.916383 277.028290   0.197997   0.197684 274.666841   0.198741
   166   0.000000 237.103714 -75.115042 -22.653346  -7.471765  -0.000000  -7.333207  -0.138558 -28.783348 272.883843 276.977018   0.197991   0.197684 274.626129   0.198740
   167   0.000000 236.787387 -75.276391 -22.517282  -7.716993  -0.000000  -7.583354  -0.133640 -28.652225 272.851823 276.926541   0.197984   0.197684 274.586176   0.198739
   168   0.000000 236.479400 -75.432031 -22.381637  -7.958850  -0.000000  -7.830050  -0.128800 -28.523024 272.820267 276.876835   0.197978   0.197684 274.546930   0.198738
   169   0.000000 236.179423 -75.582022 -22.246823  -8.196561  -0.000000  -8.072516  -0.124046 -28.395976 272.789119 276.827876   0.197971   0.197684 274.508339   0.198737
   170   0.000000 235.887132 -75.726428 -22.113250  -8.429379  -0.000000  -8.309997  -0.119382 -28.271299 272.758326 276.779640   0.197965   0.197684 274.470355   0.198736
   171   0.000000 235.602211 -75.865315 -21.981316  -8.656590  -0.000000  -8.541774  -0.114816 -28.149200 272.727835 276.732102   0.197958   0.197684 274.432929   0.198735
   172   0.000000 235.324347 -75.998755 -21.851404  -8.877524  -0.000000  -8.767172  -0.110351 -28.029872 272.697597 276.685239   0.197952   0.197684 274.396014   0.198735
   173   0.000000 235.053229 -76.126825 -21.723877  -9.091560  -0.000000  -8.985567  -0.105993 -27.913494 272.667566 276.639028   0.197945   0.197684 274.359566   0.198734
   174   0.000000 234.788553 -76.249612 -21.599070  -9.298136  -0.000000  -9.196391  -0.101744 -27.800232 272.637696 276.593444   0.197939   0.197684 274.323542   0.198733
   175   0.000000 234.530012 -76.367211 -21.477289  -9.496750  -0.000000  -9.399142  -0.097609 -27.690237 272.607944 276.548465   0.197932   0.197684 274.287898   0.198732
   176   0.000000 234.277304 -76.479724 -21.358807  -9.686972  -0.000000  -9.593383  -0.093589 -27.583643 272.578272 276.504067   0.197926   0.197684 274.252595   0.198731
   177   0.000000 234.030129 -76.587266 -21.243857  -9.868437  -0.000000  -9.778751  -0.089686 -27.480570 272.548640 276.460229   0.197920   0.197684 274.217593   0.198730
   178   0.000000 233.788186 -76.689959 -21.132635 -10.040857  -0.000000  -9.954955  -0.085902 -27.381124 272.519016 276.416929   0.197914   0.197684 274.182854   0.198729
   179   0.000000 233.551181 -76.787935 -21.025294 -10.204016  -0.000000 -10.121778  -0.082238 -27.285393 272.489365 276.374144   0.197907   0.197684 274.148342   0.198728
   180   0.000000 233.318819 -76.881337 -20.921948 -10.357772  -0.000000 -10.279078  -0.078694 -27.193450 272.459660 276.331853   0.197901   0.197684 274.114023   0.198728
   181   0.000000 233.090810 -76.970314 -20.819900 -10.500667  -0.000000 -10.425397  -0.075270 -27.105354 272.429728 276.290032   0.197895   0.197684 274.079713   0.198727
   182   0.000000 232.867015 -77.054241 -20.721652 -10.633184  -0.000000 -10.561214  -0.071971 -27.022127 272.399565 276.248657   0.197889   0.197684 274.045419   0.198726
   183   0.000000 232.647101 -77.133417 -20.627451 -10.755633  -0.000000 -10.686840  -0.068793 -26.943642 272.369176 276.207706   0.197882   0.197684 274.011129   0.198725
   184   0.000000 232.430712 -77.208213 -20.537085 -10.868254  -0.000000 -10.802519  -0.065736 -26.869708 272.338553 276.167157   0.197876   0.197684 273.976820   0.198724
   185   0.000000 232.217504 -77.278929 -20.450338 -10.971298  -0.000000 -10.908503  -0.062795 -26.800232 272.307681 276.126992   0.197870   0.197684 273.942464   0.198723
   186   0.000000 232.007159 -77.345811 -20.367029 -11.065050  -0.000000 -11.005081  -0.059969 -26.735177 272.276545 276.087190   0.197864   0.197684 273.908032   0.198723
   187   0.000000 231.799376 -77.409081 -20.286982 -11.149836  -0.000000 -11.092581  -0.057255 -26.674516 272.245131 276.047733   0.197858   0.197684 273.873495   0.198722
   188   0.000000 231.593868 -77.468954 -20.210012 -11.226015  -0.000000 -11.171366  -0.054649 -26.618220 272.213424 276.008603   0.197852   0.197684 273.838830   0.198721
   189   0.000000 231.390365 -77.525636 -20.135911 -11.293973  -0.000000 -11.241824  -0.052150 -26.566253 272.181416 275.969782   0.197846   0.197684 273.804012   0.198720
   190   0.000000 231.188612 -77.579329 -20.064460 -11.354117  -0.000000 -11.304364  -0.049753 -26.518565 272.149096 275.931253   0.197840   0.197684 273.769020   0.198719
   191   0.000000 230.988366 -77.630230 -19.995427 -11.406866  -0.000000 -11.359411  -0.047456 -26.475104 272.116457 275.893000   0.197834   0.197684 273.733833   0.198718
   192   0.000000 230.789397 -77.678528 -19.928572 -11.452648  -0.000000 -11.407394  -0.045254 -26.435807 272.083492 275.855008   0.197828   0.197684 273.698432   0.198718
   193   0.000000 230.591492 -77.724407 -19.863651 -11.491894  -0.000000 -11.448748  -0.043146 -26.400610 272.050198 275.817261   0.197822   0.197684 273.662802   0.198717
   194   0.000000 230.394447 -77.768042 -19.800419 -11.525031  -0.000000 -11.483904  -0.041127 -26.369441 272.016570 275.779745   0.197816   0.197684 273.626926   0.198716
   195   0.000000 230.198073 -77.809601 -19.738633 -11.552481  -0.000000 -11.513288  -0.039193 -26.342228 271.982604 275.742446   0.197810   0.197684 273.590789   0.198715
   196   0.000000 230.002192 -77.849244 -19.678058 -11.574655  -0.000000 -11.537312  -0.037342 -26.318895 271.948299 275.705351   0.197804   0.197684 273.554379   0.198714
   197   0.000000 229.806640 -77.887123 -19.618461 -11.591950  -0.000000 -11.556379  -0.035570 -26.299365 271.913653 275.668447   0.197798   0.197684 273.517683   0.198713
   198   0.000000 229.611261 -77.923382 -19.559622 -11.604748  -0.000000 -11.570874  -0.033874 -26.283562 271.878664 275.631722   0.197793   0.197684 273.480691   0.198713
   199   0.000000 229.415913 -77.958155 -19.501331 -11.613411  -0.000000 -11.581161  -0.032250 -26.271407 271.843332 275.595164   0.197787   0.197684 273.443392   0.198712
   200   0.000000 229.220464 -77.991570 -19.443389 -11.618284  -0.000000 -11.587588  -0.030696 -26.262824 271.807656 275.558762   0.197781   0.197684 273.405777   0.198711
   201   0.000000 229.024790 -78.023745 -19.385612 -11.619689  -0.000000 -11.590482  -0.029207 -26.257737 271.771637 275.522504   0.197775   0.197684 273.367839   0.198710
   202   0.000000 228.828780 -78.054790 -19.327828 -11.617927  -0.000000 -11.590145  -0.027782 -26.256070 271.735274 275.486381   0.197769   0.197684 273.329570   0.198709
   203   0.000000 228.632330 -78.084810 -19.269879 -11.613279  -0.000000 -11.586862  -0.026417 -26.257751 271.698568 275.450383   0.197764   0.197684 273.290964   0.198709
   204   0.000000 228.435344 -78.113899 -19.211623 -11.606002  -0.000000 -11.580893  -0.025110 -26.262705 271.661519 275.414500   0.197758   0.197684 273.252014   0.198708
   205   0.000000 228.237736 -78.142146 -19.152932 -11.596335  -0.000000 -11.572478  -0.023857 -26.270863 271.624128 275.378722   0.197752   0.197684 273.212715   0.198707
   206   0.000000 228.039426 -78.169632 -19.093692 -11.584494  -0.000000 -11.561837  -0.022656 -26.282155 271.586396 275.343041   0.197747   0.197684 273.173065   0.198706
   207   0.000000 227.840344 -78.196433 -19.033802 -11.570676  -0.000000 -11.549170  -0.021505 -26.296513 271.548324 275.307448   0.197741   0.197684 273.133057   0.198706
   208   0.000000 227.640422 -78.222617 -18.973177 -11.555060  -0.000000 -11.534658  -0.020402 -26.313870 271.509912 275.271935   0.197735   0.197684 273.092691   0.198705
   209   0.000000 227.439604 -78.248249 -18.911743 -11.537808  -0.000000 -11.518464  -0.019344 -26.334161 271.471163 275.236495   0.197730   0.197684 273.051962   0.198704
   210   0.000000 227.237836 -78.273388 -18.849439 -11.519063  -0.000000 -11.500735  -0.018328 -26.357322 271.432077 275.201119   0.197724   0.197684 273.010870   0.198703
   211   0.000000 227.035072 -78.298086 -18.786217 -11.498956  -0.000000 -11.481602  -0.017354 -26.383288 271.392657 275.165800   0.197718   0.197684 272.969414   0.198702
   212   0.000000 226.831270 -78.322395 -18.722040 -11.477600  -0.000000 -11.461182  -0.016419 -26.411998 271.352905 275.130532   0.197713   0.197684 272.927592   0.198702
   213   0.000000 226.626394 -78.346358 -18.656880 -11.455100  -0.000000 -11.439579  -0.015521 -26.443388 271.312821 275.095307   0.197707   0.197684 272.885405   0.198701
   214   0.000000 226.420412 -78.370019 -18.590722 -11.431545  -0.000000 -11.416887  -0.014658 -26.477397 271.272410 275.060119   0.197702   0.197684 272.842853   0.198700
   215   0.000000 226.213296 -78.393416 -18.523558 -11.407017  -0.000000 -11.393187  -0.013830 -26.513963 271.231673 275.024962   0.197696   0.197684 272.799938   0.198699
   216   0.000000 226.005024 -78.416586 -18.455389 -11.381587  -0.000000 -11.368553  -0.013034 -26.553023 271.190614 274.989830   0.197691   0.197684 272.756662   0.198699
   217   0.000000 225.795577 -78.439562 -18.392397 -11.359125  -0.000000 -11.346855  -0.012269 -26.594515 271.149560 274.954727   0.197685   0.197684 272.713378   0.198698
   218   0.000000 225.584630 -78.464098 -18.329040 -11.337479  -0.000000 -11.325948  -0.011531 -26.636174 271.108468 274.919656   0.197680   0.197684 272.670007   0.198697
   219   0.000000 225.372283 -78.489908 -18.264969 -11.316091  -0.000000 -11.305272  -0.010820 -26.678314 271.067283 274.884615   0.197675   0.197684 272.626506   0.198696
   220   0.000000 225.158699 -78.516592 -18.200645 -11.294855  -0.000000 -11.284720  -0.010134 -26.721321 271.025985 274.849604   0.197669   0.197684 272.582871   0.198696
   221   0.000000 224.944023 -78.543922 -18.136386 -11.273737  -0.000000 -11.264262  -0.009475 -26.765330 270.984574 274.814622   0.197664   0.197684 272.539109   0.198695
   222   0.000000 224.728371 -78.571784 -18.072349 -11.252707  -0.000000 -11.243866  -0.008841 -26.810335 270.943056 274.779667   0.197659   0.197684 272.495230   0.198694
   223   0.000000 224.511843 -78.600112 -18.008608 -11.231727  -0.000000 -11.223495  -0.008231 -26.856277 270.901439 274.744738   0.197653   0.197684 272.451246   0.198693
   224   0.000000 224.294528 -78.628859 -17.945212 -11.210762  -0.000000 -11.203116  -0.007646 -26.903090 270.859733 274.709835   0.197648   0.197684 272.407169   0.198692
   225   0.000000 224.076503 -78.657984 -17.882202 -11.189784  -0.000000 -11.182699  -0.007084 -26.950710 270.817946 274.674956   0.197643   0.197684 272.363007   0.198692
   226   0.000000 223.857843 -78.687454 -17.819613 -11.168766  -0.000000 -11.162220  -0.006545 -26.999076 270.776084 274.640102   0.197637   0.197684 272.318771   0.198691
   227   0.000000 223.638615 -78.717236 -17.757479 -11.147688  -0.000000 -11.141659  -0.006029 -27.048128 270.734155 274.605271   0.197632   0.197684 272.274470   0.198690
   228   0.000000 223.418878 -78.747303 -17.695833 -11.126534  -0.000000 -11.121000  -0.005534 -27.097813 270.692166 274.570463   0.197627   0.197684 272.230112   0.198690
   229   0.000000 223.198693 -78.777630 -17.634704 -11.105288  -0.000000 -11.100228  -0.005060 -27.148079 270.650124 274.535678   0.197622   0.197684 272.185705   0.198689
   230   0.000000 222.978112 -78.808192 -17.574120 -11.083941  -0.000000 -11.079334  -0.004607 -27.198878 270.608035 274.500915   0.197616   0.197684 272.141257   0.198688
   231   0.000000 222.757186 -78.838969 -17.514108 -11.062484  -0.000000 -11.058309  -0.004174 -27.250161 270.565905 274.466174   0.197611   0.197684 272.096776   0.198687
   232   0.000000 222.535963 -78.869943 -17.454692 -11.040909  -0.000000 -11.037148  -0.003761 -27.301885 270.523740 274.431455   0.197606   0.197684 272.052269   0.198687
   233   0.000000 222.314487 -78.901095 -17.395896 -11.019213  -0.000000 -11.015846  -0.003367 -27.354006 270.481546 274.396758   0.197601   0.197684 272.007743   0.198686
   234   0.000000 222.092803 -78.932409 -17.337743 -10.997393  -0.000000 -10.994402  -0.002992 -27.406483 270.439329 274.362083   0.197596   0.197684 271.963205   0.198685
   235   0.000000 221.870950 -78.963871 -17.280252 -10.975448  -0.000000 -10.972813  -0.002634 -27.459276 270.397094 274.327430   0.197591   0.197684 271.918662   0.198684
   236   0.000000 221.648968 -78.995467 -17.223443 -10.953377  -0.000000 -10.951082  -0.002295 -27.512348 270.354847 274.292798   0.197586   0.197684 271.874119   0.198684
   237   0.000000 221.426894 -79.027184 -17.167335 -10.931183  -0.000000 -10.929211  -0.001972 -27.565661 270.312592 274.258189   0.197581   0.197684 271.829584   0.198683
   238   0.000000 221.204763 -79.059010 -17.111944 -10.908868  -0.000000 -10.907201  -0.001667 -27.619179 270.270335 274.223602   0.197576   0.197684 271.785063   0.198682
   239   0.000000 220.982609 -79.090935 -17.057288 -10.886436  -0.000000 -10.885059  -0.001378 -27.672869 270.228081 274.189037   0.197571   0.197684 271.740561   0.198681
   240   0.000000 220.760467 -79.122948 -17.003381 -10.863893  -0.000000 -10.862788  -0.001105 -27.726697 270.185834 274.154496   0.197566   0.197684 271.696084   0.198681
   241   0.000000 220.538366 -79.155040 -16.950238 -10.841242  -0.000000 -10.840395  -0.000847 -27.780631 270.143600 274.119977   0.197561   0.197684 271.651638   0.198680
   242   0.000000 220.316339 -79.187202 -16.897871 -10.818492  -0.000000 -10.817887  -0.000605 -27.834639 270.101384 274.085483   0.197556   0.197684 271.607228   0.198679
   243   0.000000 220.094413 -79.219425 -16.846294 -10.795649  -0.000000 -10.795272  -0.000378 -27.888691 270.059190 274.051012   0.197551   0.197684 271.562860   0.198679
   244   0.000000 219.872619 -79.251702 -16.795518 -10.772721  -0.000000 -10.772557  -0.000164 -27.942759 270.017021 274.016566   0.197546   0.197684 271.518540   0.198678
   245   0.000000 219.650983 -79.284026 -16.745554 -10.749716  -0.000000 -10.749751   0.000035 -27.996813 269.974884 273.982145   0.197541   0.197684 271.474272   0.198677
   246   0.000000 219.429533 -79.316389 -16.696412 -10.726644  -0.000000 -10.726864   0.000220 -28.050827 269.932783 273.947750   0.197536   0.197684 271.430061   0.198676
   247   0.000000 219.208295 -79.348786 -16.648102 -10.703512  -0.000000 -10.703905   0.000392 -28.104773 269.890721 273.913381   0.197531   0.197684 271.385912   0.198676
   248   0.000000 218.987293 -79.381209 -16.600633 -10.680332  -0.000000 -10.680883   0.000552 -28.158626 269.848702 273.879039   0.197526   0.197684 271.341832   0.198675
   249   0.000000 218.766553 -79.413653 -16.554012 -10.657112  -0.000000 -10.657810   0.000698 -28.212361 269.806732 273.844725   0.197521   0.197684 271.297823   0.198674
   250   0.000000 218.546099 -79.446111 -16.508248 -10.633863  -0.000000 -10.634695   0.000833 -28.265953 269.764813 273.810439   0.197517   0.197684 271.253891   0.198674
   251   0.000000 218.325953 -79.478580 -16.463346 -10.610595  -0.000000 -10.611550   0.000955 -28.319379 269.722951 273.776182   0.197512   0.197684 271.210040   0.198673
   252   0.000000 218.106140 -79.511052 -16.419314 -10.587319  -0.000000 -10.588385   0.001066 -28.372617 269.681149 273.741955   0.197507   0.197684 271.166275   0.198672
   253   0.000000 217.886680 -79.543523 -16.366158 -10.557595  -0.000000 -10.558760   0.001165 -28.425644 269.638881 273.707743   0.197502   0.197684 271.122009   0.198672
   254   0.000000 217.668085 -79.573233 -16.312548 -10.525704  -0.000000 -10.526959   0.001254 -28.482033 269.596226 273.673534   0.197497   0.197684 271.077384   0.198671
   255   0.000000 217.450243 -79.600628 -16.259251 -10.492568  -0.000000 -10.493901   0.001333 -28.541156 269.553286 273.639321   0.197493   0.197684 271.032488   0.198670
   256   0.000000 217.232945 -79.626360 -16.205722 -10.458288  -0.000000 -10.459690   0.001402 -28.602241 269.510112 273.605099   0.197488   0.197684 270.987350   0.198669
   257   0.000000 217.016005 -79.650819 -16.151574 -10.422875  -0.000000 -10.424337   0.001461 -28.664911 269.466717 273.570864   0.197483   0.197684 270.941974   0.198669
   258   0.000000 216.799279 -79.674212 -16.096653 -10.386371  -0.000000 -10.387883   0.001512 -28.729028 269.423105 273.536611   0.197479   0.197684 270.896360   0.198668
   259   0.000000 216.582649 -79.696667 -16.040921 -10.348836  -0.000000 -10.350390   0.001554 -28.794545 269.379274 273.502338   0.197474   0.197684 270.850503   0.198667
   260   0.000000 216.366015 -79.718278 -15.984379 -10.310334  -0.000000 -10.311920   0.001587 -28.861443 269.335224 273.468039   0.197469   0.197684 270.804400   0.198667
   261   0.000000 216.149291 -79.739122 -15.927043 -10.270922  -0.000000 -10.272534   0.001612 -28.929705 269.290952 273.433711   0.197465   0.197684 270.758050   0.198666
   262   0.000000 215.932406 -79.759266 -15.868933 -10.230655  -0.000000 -10.232284   0.001630 -28.999315 269.246459 273.399352   0.197460   0.197684 270.711450   0.198665
   263   0.000000 215.715295 -79.778772 -15.810071 -10.189580  -0.000000 -10.191219   0.001639 -29.070252 269.201744 273.364958   0.197455   0.197684 270.664601   0.198665
   264   0.000000 215.497903 -79.797694 -15.750482 -10.147743  -0.000000 -10.149385   0.001642 -29.142494 269.156808 273.330525   0.197451   0.197684 270.617501   0.198664
   265   0.000000 215.280181 -79.816083 -15.690193 -10.105186  -0.000000 -10.106822   0.001637 -29.216016 269.111653 273.296051   0.197446   0.197684 270.570153   0.198663
   266   0.000000 215.062088 -79.833986 -15.629231 -10.061947  -0.000000 -10.063571   0.001624 -29.290791 269.066278 273.261534   0.197442   0.197684 270.522557   0.198663
   267   0.000000 214.843586 -79.851445 -15.567628 -10.018065  -0.000000 -10.019670   0.001606 -29.366788 269.020687 273.226970   0.197437   0.197684 270.474715   0.198662
   268   0.000000 214.624646 -79.868502 -15.505415  -9.973575  -0.000000  -9.975155   0.001580 -29.443975 268.974883 273.192357   0.197433   0.197684 270.426631   0.198661
   269   0.000000 214.405240 -79.885195 -15.442626  -9.928512  -0.000000  -9.930060   0.001547 -29.522317 268.928867 273.157693   0.197428   0.197684 270.378308   0.198660
   270   0.000000 214.185345 -79.901559 -15.379297  -9.882911  -0.000000  -9.884420   0.001509 -29.601777 268.882644 273.122975   0.197424   0.197684 270.329749   0.198660
   271   0.000000 213.964942 -79.917630 -15.315463  -9.836805  -0.000000  -9.838268   0.001464 -29.682316 268.836218 273.088203   0.197419   0.197684 270.280959   0.198659
   272   0.000000 213.744016 -79.933441 -15.251162  -9.790226  -0.000000  -9.791638   0.001412 -29.763895 268.789592 273.053374   0.197415   0.197684 270.231942   0.198658
   273   0.000000 213.522554 -79.949024 -15.186435  -9.743207  -0.000000  -9.744561   0.001355 -29.846469 268.742772 273.018486   0.197410   0.197684 270.182705   0.198658
   274   0.000000 213.300545 -79.964411 -15.121321  -9.695779  -0.000000  -9.697070   0.001291 -29.929996 268.695763 272.983539   0.197406   0.197684 270.133253   0.198657
   275   0.000000 213.077984 -79.979630 -15.055863  -9.647977  -0.000000  -9.649198   0.001222 -30.014429 268.648570 272.948530   0.197401   0.197684 270.083592   0.198656
   276   0.027633 212.854865 -79.972606 -14.990104  -9.599787  -0.000000  -9.600976   0.001190 -30.099721 268.601913 272.913481   0.197397   0.197684 270.034212   0.198656
   277   0.203197 212.631185 -79.850169 -14.918290  -9.548513  -0.000000  -9.549873   0.001360 -30.180980 268.559105 272.878509   0.197393   0.197684 269.987346   0.198655
   278   1.107522 212.407233 -79.161496 -14.813922  -9.481538  -0.000000  -9.483978   0.002440 -30.235826 268.536120 272.844198   0.197388   0.197684 269.953766   0.198654
   279   3.564375 212.184627 -77.314018 -14.548428  -9.340144  -0.000000  -9.345135   0.004991 -30.156540 268.558400 272.811839   0.197384   0.197684 269.950400   0.198654
   280   8.077987 211.971418 -74.004863 -13.908076  -9.023481  -0.000000  -9.031881   0.008400 -29.774069 268.644025 272.783145   0.197380   0.197684 269.988995   0.198653
   281  14.722480 211.786481 -69.233673 -12.705188  -8.432705  -0.000000  -8.443791   0.011086 -28.973845 268.795160 272.759741   0.197375   0.197684 270.070812   0.198652
   282  23.323192 211.658111 -63.122765 -10.839510  -7.497209  -0.000000  -7.508906   0.011697 -27.752064 269.001815 272.742810   0.197371   0.197684 270.189687   0.198652
   283  33.614580 211.618909 -55.811582  -8.300200  -6.180566  -0.000000  -6.190569   0.010004 -26.186965 269.249630 272.733019   0.197367   0.197684 270.337525   0.198651
   284  45.322071 211.700184 -47.429387  -5.146685  -4.480080  -0.000000  -4.486917   0.006838 -24.383724 269.525754 272.730606   0.197363   0.197684 270.508074   0.198650
   285  58.195178 211.927385 -38.098007  -1.480783  -2.420754  -0.000000  -2.424057   0.003303 -22.433967 269.821221 272.735547   0.197358   0.197684 270.698004   0.198650
   286  72.017060 212.317324 -27.936980   2.528253  -0.042337  -0.000000  -0.042390   0.000053 -20.400285 270.136926 272.747867   0.197354   0.197684 270.948474   0.198649
   287  86.604211 214.765696 -15.259009  -1.375834  -1.497723  -0.000000  -1.498990   0.001267 -18.276588 270.803252 272.777500   0.197350   0.197684 271.520569   0.198649
   288 101.802621 214.964679  -5.807528  11.745673   6.696361   0.000000   6.701511  -0.005150 -13.819737 271.069026 272.810967   0.197346   0.197684 271.698335   0.198648
   289 117.483153 217.634204   8.163534   5.750761   4.375580   0.000000   4.377441  -0.001861 -12.193585 271.752784 272.860635   0.197342   0.197684 272.325340   0.198647
   290 133.537169 219.565357  19.872666  13.023766  10.482879   0.000000  10.483169  -0.000290  -7.754961 272.255175 272.919748   0.197337   0.197684 272.774097   0.198647
   291 149.872779 221.765202  32.850874  14.620941  13.512105   0.000000  13.504179   0.007926  -4.652009 272.829507 272.989824   0.197333   0.197684 273.279310   0.198646
   292 166.411727 223.969080  45.662051  18.203048  18.369940   0.000000  18.341732   0.028208  -1.122217 273.394737 273.069825   0.197329   0.197684 273.775128   0.198645
   293 183.086877 226.098637  58.534809  22.048799  23.246845   0.000000  23.177807   0.069038   2.274390 273.963377 273.159206   0.197325   0.197684 274.256830   0.198645
   294 199.840189 228.480048  71.683214  24.779469  27.167878   0.000000  27.026410   0.141468   5.629195 274.563539 273.258331   0.197321   0.197684 274.776710   0.198644
   295 216.621099 230.808814  84.643109  28.852392  32.285131   0.000000  32.020131   0.265000   9.136462 275.141221 273.365918   0.197317   0.197684 275.276352   0.198643
   296 233.385225 233.255071  97.788643  31.804083  37.111085   0.000000  36.653355   0.457730  12.427123 275.729942 273.481823   0.197313   0.197684 275.790071   0.198643
   297 250.093324 235.660515 110.782190  35.485899  42.623311   0.000000  41.872831   0.750480  15.736832 276.301350 273.605071   0.197309   0.197684 276.287645   0.198642
   298 266.710453 238.069897 123.769737  38.802910  48.034587   0.000000  46.865211   1.169376  18.873948 276.867177 273.735133   0.197305   0.197684 276.779884   0.198641
   299 283.205292 240.426464 136.617827  42.419435  53.661831   0.000000  51.907882   1.753949  21.924308 277.418221 273.871251   0.197301   0.197684 277.256800   0.198641
   300 299.549591 242.735774 149.352884  46.009195  59.193171   0.000000  56.651907   2.541264  24.828787 277.957948 274.012844   0.197297   0.197683 277.720443   0.198640
   301 315.717721 244.980276 161.922192  49.767875  64.667362   0.000000  61.088175   3.579187  27.615729 278.484526 274.159319   0.197293   0.197683 278.168129   0.198639
   302 331.686303 247.160403 174.317034  53.620877  69.947218   0.000000  65.029389   4.917829  30.276448 278.999724 274.310190   0.197289   0.197682 278.600594   0.198639
   303 347.433903 249.272727 186.509507  57.632302  74.990860   0.000000  68.373483   6.617377  32.826739 279.504228 274.465024   0.197285   0.197681 279.017721   0.198638
   304 362.940782 251.319859 198.483902  61.796652  79.708364   0.000000  70.962646   8.745719  35.274428 279.999907 274.623477   0.197281   0.197680 279.420490   0.198637
   305 378.188686 253.303884 210.219397  66.152823  84.031633   0.000000  72.647365  11.384269  37.635015 280.488520 274.785277   0.197277   0.197679 279.809729   0.198637
   306 393.160668 255.229695 221.699282  70.720963  87.868571   0.000000  73.238283  14.630287  39.922698 280.972505 274.950243   0.197273   0.197677 280.186765   0.198636
   307 407.840945 257.101926 232.904014  75.548441  91.120577   0.000000  72.515462  18.605115  42.155833 281.454566 275.118278   0.197269   0.197675 280.552877   0.198635
   308 422.214769 258.927018 243.815091  80.683272  93.653969   0.000000  70.190201  23.463769  44.354019 281.938277 275.289392   0.197265   0.197672 280.909703   0.198634
   309 436.268330 260.711371 254.410157  86.206934  95.290938   0.000000  65.875629  29.415310  46.542199 282.428207 275.463721   0.197261   0.197669 281.258967   0.198634
   310 449.988660 262.463008 264.663812  92.229675  95.755325   0.000000  58.995767  36.759559  48.751406 282.931104 275.641582   0.197257   0.197664 281.602888   0.198633
   311 463.363562 264.190889 274.540846  98.938119  94.562916   0.000000  48.585229  45.977687  51.026654 283.458149 275.823589   0.197253   0.197659 281.944371   0.198632
   312 481.650953 265.906714 288.201841 106.668727  90.645060   0.000000  32.550645  58.094415  53.441917 284.102568 276.013087   0.196935   0.197642 282.298307   0.198409
   313 494.330359 267.626854 296.774179 118.744152  78.150502   0.000000   0.000000  78.150502  56.626369 284.860593 276.213113   0.196932   0.197632 282.664618   0.198425
   314 506.630370 269.432886 304.526857 134.638834  90.615560   0.000000   0.000000  90.615560  60.532366 285.162670 276.409116   0.196929   0.197621 282.978027   0.198438
   315 518.541369 271.372918 314.398988 132.980633  95.899414   0.000000   0.000000  95.899414  61.274883 285.535994 276.603877   0.196926   0.197610 283.319352   0.198449
   316 530.054262 273.057558 323.335272 135.649853 102.180835   0.000000   0.000000 102.180835  62.524822 285.865059 276.796409   0.196923   0.197598 283.614708   0.198458
   317 541.160446 274.633483 332.060735 137.375194 107.665642   0.000000   0.000000 107.665642  63.480549 286.181926 276.986754   0.196920   0.197585 283.890771   0.198466
   318 551.851785 276.102376 340.407556 139.338783 112.935065   0.000000   0.000000 112.935065  64.366202 286.481830 277.174781   0.196917   0.197571 284.147403   0.198472
   319 562.120589 277.487716 348.417621 141.208033 117.925085   0.000000   0.000000 117.925085  65.149343 286.767884 277.360440   0.196914   0.197557 284.388703   0.198477
   320 571.959592 278.800061 356.080027 143.028885 122.699757   0.000000   0.000000 122.699757  65.852108 287.040751 277.543684   0.196911   0.197542 284.616482   0.198482
   321 581.361941 280.048219 363.395017 144.767969 127.272241   0.000000   0.000000 127.272241  66.479471 287.301310 277.724478   0.196908   0.197527 284.832292   0.198485
   322 590.321175 281.238379 370.359424 146.417547 131.656428   0.000000   0.000000 131.656428  67.037822 287.550142 277.902790   0.196905   0.197511 285.037238   0.198488
   323 598.831217 282.375390 376.970562 147.968099 135.858842   0.000000   0.000000 135.858842  67.531462 287.787734 278.078590   0.196902   0.197495 285.232205   0.198490
   324 606.886361 283.463110 383.225528 149.413434 139.883407   0.000000   0.000000 139.883407  67.964009 288.014478 278.251848   0.196899   0.197478 285.417904   0.198492
   325 614.481266 284.504731 389.121521 150.770966 143.739973   0.000000   0.000000 143.739973  68.338409 288.230199 278.422520   0.196896   0.197461 285.594940   0.198494
   326 621.610941 285.503269 394.658794 152.014644 147.418279   0.000000   0.000000 147.418279  68.653754 288.435309 278.590565   0.196892   0.197443 285.763889   0.198495
   327 628.270746 286.460899 399.833952 153.146747 150.921127   0.000000   0.000000 150.921127  68.913212 288.630021 278.755942   0.196889   0.197425 285.925178   0.198496
   328 634.456378 287.379667 404.644774 154.163559 154.247402   0.000000   0.000000 154.247402  69.118550 288.814546 278.918612   0.196886   0.197407 286.079205   0.198496
   329 640.163872 288.261376 409.089042 155.063352 157.396469   0.000000   0.000000 157.396469  69.271534 288.989059 279.078535   0.196882   0.197388 286.226328   0.198497
   330 645.389593 289.107653 413.164807 155.844383 160.367295   0.000000   0.000000 160.367295  69.373668 289.153713 279.235669   0.196879   0.197368 286.366869   0.198497
   331 650.130230 289.919963 416.870313 156.505293 163.158784   0.000000   0.000000 163.158784  69.426308 289.308642 279.389975   0.196875   0.197349 286.501120   0.198497
   332 654.382798 290.699631 420.204015 157.044941 165.769779   0.000000   0.000000 165.769779  69.430666 289.453963 279.541414   0.196871   0.197329 286.629346   0.198497
   333 658.144631 291.447858 423.164566 157.462388 168.199128   0.000000   0.000000 168.199128  69.387846 289.589779 279.689943   0.196868   0.197309 286.751789   0.198496
   334 661.413378 292.165734 425.750820 157.756857 170.445713   0.000000   0.000000 170.445713  69.298851 289.716183 279.835525   0.196864   0.197288 286.868667   0.198496
   335 664.187007 292.854247 427.961830 157.927700 172.508481   0.000000   0.000000 172.508481  69.164608 289.833258 279.978119   0.196860   0.197268 286.980180   0.198495
   336 666.463795 293.514296 429.796842 157.974374 174.386468   0.000000   0.000000 174.386468  68.985973 289.941078 280.117685   0.196856   0.197247 287.086507   0.198494
   337 668.242334 294.146696 431.255299 157.896418 176.078815   0.000000   0.000000 176.078815  68.763748 290.039712 280.254186   0.196852   0.197226 287.187813   0.198493
   338 669.521525 294.752185 432.336836 157.693432 177.584789   0.000000   0.000000 177.584789  68.498684 290.129224 280.387582   0.196848   0.197204 287.284242   0.198492
   339 670.300580 295.331430 433.041277 157.365063 178.903792   0.000000   0.000000 178.903792  68.191496 290.209673 280.517836   0.196844   0.197183 287.375925   0.198491
   340 670.579017 295.885031 433.368638 156.910990 180.035379   0.000000   0.000000 180.035379  67.842863 290.281115 280.644910   0.196840   0.197161 287.462979   0.198490
   341 670.356665 296.413526 433.319122 156.330915 180.979262   0.000000   0.000000 180.979262  67.453439 290.343604 280.768767   0.196836   0.197139 287.545504   0.198489
   342 669.633662 296.917390 432.893122 155.624547 181.735322   0.000000   0.000000 181.735322  67.023856 290.397190 280.889372   0.196832   0.197118 287.623588   0.198487
   343 668.410452 297.397046 432.091215 154.791604 182.303618   0.000000   0.000000 182.303618  66.554728 290.441925 281.006689   0.196828   0.197096 287.697305   0.198486
   344 666.687791 297.852858 430.914168 153.831801 182.684387   0.000000   0.000000 182.684387  66.046653 290.477858 281.120684   0.196823   0.197074 287.766715   0.198485
   345 664.466743 298.285139 429.362936 152.744849 182.878055   0.000000   0.000000 182.878055  65.500219 290.505038 281.231323   0.196819   0.197052 287.831868   0.198483
   346 661.748680 298.694153 427.438661 151.530452 182.885242   0.000000   0.000000 182.885242  64.916003 290.523513 281.338574   0.196814   0.197030 287.892797   0.198481
   347 658.535291 299.080113 425.142678 150.188309 182.706758   0.000000   0.000000 182.706758  64.294574 290.533333 281.442405   0.196810   0.197008 287.949527   0.198480
   348 654.828573 299.443187 422.476513 148.718114 182.343615   0.000000   0.000000 182.343615  63.636493 290.534545 281.542786   0.196805   0.196986 288.002070   0.198478
   349 650.630840 299.783498 419.441889 147.119557 181.797022   0.000000   0.000000 181.797022  62.942316 290.527199 281.639686   0.196801   0.196964 288.050426   0.198476
   350 645.944724 300.101127 416.040728 145.392328 181.068390   0.000000   0.000000 181.068390  62.212592 290.511343 281.733077   0.196796   0.196943 288.094584   0.198475
   351 640.773174 300.396114 412.275154 143.536125 180.159333   0.000000   0.000000 180.159333  61.447863 290.487026 281.822931   0.196791   0.196921 288.134524   0.198473
   352 635.119464 300.668460 408.147503 141.550655 179.071667   0.000000   0.000000 179.071667  60.648665 290.454297 281.909221   0.196786   0.196900 288.170213   0.198471
   353 628.987192 300.918131 403.660321 139.435641 177.807411   0.000000   0.000000 177.807411  59.815527 290.413204 281.991923   0.196781   0.196878 288.201611   0.198469
   354 622.380287 301.145061 398.816379 137.190832 176.368787   0.000000   0.000000 176.368787  58.948971 290.363797 282.071010   0.196777   0.196857 288.228669   0.198467
   355 615.303013 301.349150 393.618672 134.816006 174.758217   0.000000   0.000000 174.758217  58.049510 290.306124 282.146459   0.196772   0.196836 288.251329   0.198465
   356 607.759973 301.530274 388.070432 132.310981 172.978327   0.000000   0.000000 172.978327  57.117649 290.240232 282.218248   0.196767   0.196815 288.269522   0.198463
   357 599.756116 301.688282 382.175136 129.675623 171.031943   0.000000   0.000000 171.031943  56.153885 290.166170 282.286355   0.196761   0.196795 288.283177   0.198462
   358 591.296745 301.823004 375.936512 126.909852 168.922087   0.000000   0.000000 168.922087  55.158705 290.083985 282.350758   0.196756   0.196775 288.292212   0.198460
   359 582.387526 301.934247 369.358553 124.013657 166.651983   0.000000   0.000000 166.651983  54.132586 289.993724 282.411438   0.196751   0.196755 288.296540   0.198458
   360 573.034492 302.021808 362.445524 120.987100 164.225048   0.000000   0.000000 164.225048  53.075997 289.895432 282.468376   0.196746   0.196735 288.296068   0.198456
   361 563.244060 302.085467 355.201979 117.838483 161.649412   0.000000   0.000000 161.649412  51.989397 289.788968 282.521546   0.196741   0.196716 288.290683   0.198454
   362 553.023040 302.125079 347.633859 114.558415 158.922900   0.000000   0.000000 158.922900  50.871951 289.674460 282.570929   0.196735   0.196696 288.280296   0.198452
   363 542.378651 302.140295 339.745761 111.149153 156.051052   0.000000   0.000000 156.051052  49.724712 289.551969 282.616507   0.196730   0.196678 288.264778   0.198450
   364 531.318533 302.130845 331.543062 107.610518 153.037861   0.000000   0.000000 153.037861  48.548231 289.421564 282.658262   0.196724   0.196659 288.244006   0.198448
   365 519.850773 302.096462 323.031440 103.943047 149.887845   0.000000   0.000000 149.887845  47.343116 289.283310 282.696179   0.196719   0.196641 288.217855   0.198446
   366 507.983918 302.036898 314.216982 100.147324 146.605607   0.000000   0.000000 146.605607  46.109920 289.137269 282.730242   0.196713   0.196624 288.186197   0.198444
   367 495.727009 301.951916 305.106182  96.224151 143.195937   0.000000   0.000000 143.195937  44.849182 288.983500 282.760440   0.196708   0.196607 288.148897   0.198442
   368 483.089600 301.841299 295.705960  92.174531 139.663790   0.000000   0.000000 139.663790  43.561423 288.822067 282.786759   0.196702   0.196590 288.105818   0.198440
   369 470.081800 301.704847 286.023692  87.999702 136.014292   0.000000   0.000000 136.014292  42.247153 288.653028 282.809189   0.196697   0.196574 288.056809   0.198439
   370 456.714307 301.542380 276.067237  83.701152 132.252738   0.000000   0.000000 132.252738  40.906874 288.476446 282.827719   0.196691   0.196558 288.001710   0.198437
   371 442.998452 301.353740 265.844972  79.280650 128.384588   0.000000   0.000000 128.384588  39.541091 288.292385 282.842341   0.196685   0.196542 287.940343   0.198435
   372 428.946256 301.138796 255.365832  74.740274 124.415466   0.000000   0.000000 124.415466  38.150309 288.100910 282.853046   0.196679   0.196527 287.872501   0.198433
   373 414.570486 300.897446 244.639362  70.082449 120.351159   0.000000   0.000000 120.351159  36.735045 287.902090 282.859829   0.196674   0.196513 287.797931   0.198431
   374 399.884730 300.629618 233.675769  65.309987 116.197606   0.000000   0.000000 116.197606  35.295830 287.696000 282.862683   0.196668   0.196499 287.716294   0.198430
   375 384.903481 300.335277 222.485988  60.426136 111.960903   0.000000   0.000000 111.960903  33.833221 287.482719 282.861605   0.196662   0.196486 287.627038   0.198428
   376 369.642235 300.014425 211.081760  55.434637 107.647287   0.000000   0.000000 107.647287  32.347801 287.262334 282.856592   0.196656   0.196473 287.528614   0.198426
   377 354.117607 299.667107 199.475724  50.339797 103.263131   0.000000   0.000000 103.263131  30.840195 287.034939 282.847642   0.196650   0.196460 287.420639   0.198425
   378 338.347475 299.293418 187.681524  45.146577  98.814929   0.000000   0.000000  98.814929  29.311077 286.800641 282.834758   0.196644   0.196448 287.303907   0.198423
   379 322.351141 298.893506 175.713942  39.860692  94.309275   0.000000   0.000000  94.309275  27.761177 286.559557 282.817942   0.196638   0.196437 287.178775   0.198422
   380 306.149532 298.467579 163.589053  34.488757  89.752834   0.000000   0.000000  89.752834  26.191301 286.311820 282.797200   0.196633   0.196426 287.045586   0.198420
   381 289.765438 298.015916 151.324415  29.038460  85.152281   0.000000   0.000000  85.152281  24.602336 286.057579 282.772541   0.196627   0.196416 286.904669   0.198419
   382 273.223800 297.538878 138.939300  23.518812  80.514219   0.000000   0.000000  80.514219  22.995267 285.797001 282.743974   0.196621   0.196406 286.756347   0.198417
   383 256.552056 297.036922 126.454980  17.940510  75.845004   0.000000   0.000000  75.845004  21.371186 285.530274 282.711517   0.196615   0.196397 286.600944   0.198416
   384 239.780567 296.510621 113.895079  12.316508  71.150404   0.000000   0.000000  71.150404  19.731299 285.257604 282.675187   0.196609   0.196389 286.438785   0.198414
   385 222.943134 295.960694 101.286030   6.663096  66.434792   0.000000   0.000000  66.434792  18.076913 284.979206 282.635008   0.196603   0.196381 286.270206   0.198413
   386 206.077638 295.388057  88.657668   1.002377  61.698755   0.000000   0.000000  61.698755  16.409384 284.695283 282.591006   0.196597   0.196373 286.095546   0.198412
   387 189.226822 294.793915  76.044086  -4.628170  56.926424   0.000000   0.000000  56.926424  14.729940 284.405932 282.543205   0.196591   0.196367 285.795906   0.198411
   388 172.439271 294.348643  63.648677  -8.460305  42.292862   0.000000   0.000000  42.292862  13.039086 284.237258 282.495407   0.196585   0.196362 285.646511   0.198409
   389 155.770621 293.728316  50.564883  -9.432632  37.044714   0.000000   0.000000  37.044714  12.192954 283.938048 282.443526   0.196579   0.196357 285.423542   0.198408
   390 139.285079 293.123078  38.298491 -12.879935  31.255588   0.000000   0.000000  31.255588  10.461656 283.605475 282.386791   0.196573   0.196353 285.188114   0.198407
   391 123.057315 292.390573  26.277557 -16.338817  26.178125   0.000000   0.000000  26.178125   8.530793 283.234136 282.324339   0.196567   0.196350 284.921502   0.198406
   392 107.174822 291.538936  14.605220 -19.858269  21.411346   0.000000   0.000000  21.411346   6.368580 282.830873 282.255588   0.196561   0.196348 284.626104   0.198405
   393  91.740849 290.565752   3.325411 -23.287250  16.937711   0.000000   0.000000  16.937711   4.026993 282.399478 282.180115   0.196555   0.196346 284.303506   0.198405
   394  76.877972 289.476310  -7.479481 -26.586197  12.793441   0.000000   0.000000  12.793441   1.535539 281.943611 282.097635   0.196549   0.196344 283.955171   0.198404
   395  62.732318 288.274333 -17.708876 -29.690354   9.008984   0.000000   0.000000   9.008984  -1.078166 281.466444 282.007971   0.196543   0.196343 283.583620   0.198403
   396  49.478223 286.963524 -27.236997 -32.597328   5.662416   0.000000   0.000000   5.662416  -3.790690 280.972333 281.911084   0.196537   0.196342 283.192507   0.198402
   397  37.322556 285.552569 -35.912737 -35.306595   2.858121   0.000000   0.000000   2.858121  -6.571255 280.466745 281.807089   0.196531   0.196342 282.785766   0.198402
   398  26.506668 284.049600 -43.562918 -37.807485   0.706750   0.000000   0.000000   0.706750  -9.382409 279.956467 281.696283   0.196525   0.196342 282.368788   0.198401
   399  17.301029 282.462373 -49.997265 -40.094725  -0.680766  -0.000000  -0.000000  -0.680766 -12.178714 279.450768 281.579204   0.196519   0.196342 281.948689   0.198400
   400   9.981604 280.802583 -55.028478 -42.156471  -1.301669  -0.000000  -0.054369  -1.247300 -14.899051 278.966851 281.456847   0.196513   0.196342 281.538027   0.198400
   401   4.766434 279.082435 -58.552026 -43.921513  -1.295862  -0.000000  -0.172847  -1.123016 -17.429971 278.527218 281.330782   0.196508   0.196342 281.153067   0.198399
   402   1.681876 277.319039 -60.635509 -45.294152  -1.011765  -0.000000  -0.317812  -0.693952 -19.624950 278.158957 281.203245   0.196502   0.196342 280.813323   0.198399
   403   0.368355 275.536990 -61.667931 -46.146740  -0.841765  -0.000000  -0.456763  -0.385002 -21.310015 277.876449 281.076696   0.196496   0.196342 280.529502   0.198398
   404   0.049169 273.769106 -62.302640 -46.402560  -0.886537  -0.000000  -0.583935  -0.302602 -22.401725 277.660657 280.952809   0.196490   0.196342 280.289666   0.198398
   405   0.000000 272.053266 -62.988975 -46.178043  -1.011770  -0.000000  -0.712297  -0.299473 -23.045059 277.475954 280.832057   0.196485   0.196342 280.071582   0.198397
   406   0.000000 270.419765 -63.704557 -45.729699  -1.162931  -0.000000  -0.852539  -0.310391 -23.492724 277.304543 280.714368   0.196479   0.196343 279.865601   0.198397
   407   0.000000 268.880667 -64.392654 -45.228794  -1.328956  -0.000000  -1.009854  -0.319101 -23.868773 277.141887 280.599568   0.196473   0.196343 279.670008   0.198396
   408   0.000000 267.434673 -65.032922 -44.740082  -1.512689  -0.000000  -1.186436  -0.326253 -24.203769 276.988100 280.487530   0.196467   0.196343 279.485147   0.198396
   409   0.000000 266.075193 -65.632075 -44.271263  -1.715408  -0.000000  -1.383534  -0.331873 -24.496016 276.843397 280.378168   0.196462   0.196343 279.310903   0.198396
   410   0.000000 264.795071 -66.197848 -43.816296  -1.938157  -0.000000  -1.602172  -0.335985 -24.743399 276.707491 280.271413   0.196456   0.196343 279.146714   0.198395
   411   0.000000 263.587999 -66.734821 -43.369787  -2.181994  -0.000000  -1.843318  -0.338676 -24.947450 276.579867 280.167204   0.196451   0.196343 278.991897   0.198395
   412   0.000000 262.448541 -67.245684 -42.928642  -2.447934  -0.000000  -2.107875  -0.340059 -25.111359 276.459991 280.065486   0.196445   0.196343 278.845808   0.198394
   413   0.000000 261.371925 -67.732424 -42.490991  -2.736864  -0.000000  -2.396619  -0.340244 -25.238465 276.347380 279.966204   0.196439   0.196343 278.707875   0.198394
   414   0.000000 260.353890 -68.196798 -42.055404  -3.049487  -0.000000  -2.710153  -0.339333 -25.331767 276.241609 279.869310   0.196434   0.196343 278.577593   0.198393
   415   0.000000 259.390601 -68.640420 -41.620675  -3.386285  -0.000000  -3.048868  -0.337417 -25.393909 276.142294 279.774757   0.196428   0.196343 278.454507   0.198393
   416   0.000000 258.478606 -69.064756 -41.185821  -3.747487  -0.000000  -3.412911  -0.334576 -25.427242 276.049088 279.682500   0.196423   0.196343 278.338208   0.198393
   417   0.000000 257.614794 -69.471122 -40.750058  -4.133036  -0.000000  -3.802147  -0.330890 -25.433884 275.961674 279.592498   0.196417   0.196343 278.228324   0.198392
   418   0.000000 256.796355 -69.860686 -40.312786  -4.542560  -0.000000  -4.216132  -0.326428 -25.415770 275.879753 279.504711   0.196412   0.196343 278.124514   0.198392
   419   0.000000 256.020741 -70.234469 -39.873612  -4.975343  -0.000000  -4.654084  -0.321259 -25.374704 275.803043 279.419099   0.196407   0.196343 278.026459   0.198392
   420   0.000000 255.285633 -70.593345 -39.432374  -5.430313  -0.000000  -5.114864  -0.315449 -25.312388 275.731273 279.335623   0.196401   0.196343 277.933862   0.198391
   421   0.000000 254.588912 -70.938060 -38.989144  -5.906025  -0.000000  -5.596964  -0.309061 -25.230454 275.664178 279.254247   0.196396   0.196343 277.846443   0.198391
   422   0.000000 253.928626 -71.269238 -38.544224  -6.400662  -0.000000  -6.098505  -0.302157 -25.130479 275.601501 279.174931   0.196390   0.196343 277.763936   0.198390
   423   0.000000 253.302964 -71.587401 -38.098138  -6.912041  -0.000000  -6.617244  -0.294797 -25.014005 275.542986 279.097637   0.196385   0.196343 277.686082   0.198390
   424   0.000000 252.710228 -71.892972 -37.651616  -7.437633  -0.000000  -7.150594  -0.287039 -24.882556 275.488375 279.022325   0.196380   0.196343 277.612632   0.198390
   425   0.000000 252.148807 -72.186296 -37.205584  -7.974599  -0.000000  -7.695656  -0.278944 -24.737649 275.437411 278.948954   0.196374   0.196343 277.543340   0.198389
   426   0.000000 251.617161 -72.467654 -36.761140  -8.519828  -0.000000  -8.249262  -0.270566 -24.580803 275.389834 278.877482   0.196369   0.196343 277.477962   0.198389
   427   0.000000 251.113796 -72.737269 -36.319524  -9.070000  -0.000000  -8.808036  -0.261964 -24.413540 275.345382 278.807865   0.196364   0.196343 277.416257   0.198389
   428   0.000000 250.637255 -72.995331 -35.882090  -9.621645  -0.000000  -9.368455  -0.253190 -24.237385 275.303792 278.740057   0.196358   0.196343 277.357984   0.198388
   429   0.000000 250.186100 -73.242004 -35.450262 -10.171224  -0.000000  -9.926927  -0.244298 -24.053859 275.264799 278.674010   0.196353   0.196343 277.302901   0.198388
   430   0.000000 249.758905 -73.477439 -35.025498 -10.715202  -0.000000 -10.479865  -0.235337 -23.864474 275.228142 278.609673   0.196348   0.196343 277.250769   0.198388
   431   0.000000 249.354251 -73.701793 -34.609242 -11.250131  -0.000000 -11.023774  -0.226357 -23.670722 275.193558 278.546995   0.196343   0.196343 277.201349   0.198387
   432   0.000000 248.970723 -73.915230 -34.202885 -11.772725  -0.000000 -11.555323  -0.217401 -23.474061 275.160791 278.485921   0.196338   0.196343 277.154401   0.198387
   433   0.000000 248.606906 -74.117938 -33.827003 -12.286820  -0.000000 -12.078307  -0.208513 -23.275905 275.130355 278.426418   0.196332   0.196343 277.110363   0.198387
   434   0.000000 248.260408 -74.314575 -33.461359 -12.786945  -0.000000 -12.587271  -0.199673 -23.072438 275.101784 278.368443   0.196327   0.196344 277.068725   0.198386
   435   0.000000 247.930423 -74.503779 -33.107684 -13.269883  -0.000000 -13.078948  -0.190935 -22.866616 275.074712 278.311946   0.196322   0.196344 277.029201   0.198386
   436   0.000000 247.616174 -74.684627 -32.768791 -13.733309  -0.000000 -13.550967  -0.182343 -22.660639 275.048897 278.256874   0.196317   0.196344 276.991593   0.198386
   437   0.000000 247.316729 -74.856909 -32.445986 -14.175297  -0.000000 -14.001369  -0.173928 -22.455837 275.024142 278.203174   0.196312   0.196344 276.955714   0.198385
   438   0.000000 247.031074 -75.020697 -32.139837 -14.594277  -0.000000 -14.428560  -0.165717 -22.253221 275.000266 278.150793   0.196307   0.196344 276.921384   0.198385
   439   0.000000 246.758168 -75.176166 -31.850642 -14.989058  -0.000000 -14.831326  -0.157732 -22.053687 274.977098 278.099675   0.196302   0.196344 276.888427   0.198385
   440   0.000000 246.496970 -75.323550 -31.578523 -15.358837  -0.000000 -15.208847  -0.149990 -21.858039 274.954485 278.049768   0.196297   0.196344 276.856676   0.198384
   441   0.000000 246.246452 -75.463135 -31.323432 -15.703181  -0.000000 -15.560676  -0.142505 -21.666983 274.932285 278.001018   0.196292   0.196344 276.825970   0.198384
   442   0.000000 246.005613 -75.595246 -31.085151 -16.022001  -0.000000 -15.886712  -0.135289 -21.481131 274.910372 277.953371   0.196287   0.196344 276.796162   0.198384
   443   0.000000 245.773487 -75.720243 -30.863309 -16.315518  -0.000000 -16.187169  -0.128349 -21.300993 274.888634 277.906776   0.196282   0.196344 276.767112   0.198383
   444   0.000000 245.549155 -75.838506 -30.657400 -16.584218  -0.000000 -16.462529  -0.121689 -21.126988 274.866975 277.861181   0.196277   0.196344 276.738694   0.198383
   445   0.000000 245.331750 -75.950428 -30.466805 -16.828817  -0.000000 -16.713507  -0.115310 -20.959442 274.845308 277.816537   0.196272   0.196344 276.710790   0.198383
   446   0.000000 245.120463 -76.056409 -30.290816 -17.050211  -0.000000 -16.940999  -0.109213 -20.798602 274.823564 277.772797   0.196267   0.196344 276.683296   0.198382
   447   0.000000 244.914547 -76.156844 -30.128659 -17.249436  -0.000000 -17.146044  -0.103393 -20.644635 274.801680 277.729914   0.196262   0.196344 276.656118   0.198382
   448   0.000000 244.713319 -76.252122 -29.979518 -17.427626  -0.000000 -17.329780  -0.097846 -20.497639 274.779607 277.687843   0.196257   0.196344 276.629172   0.198382
   449   0.000000 244.516158 -76.342618 -29.842552 -17.585978  -0.000000 -17.493412  -0.092566 -20.357651 274.757306 277.646543   0.196252   0.196344 276.602386   0.198381
   450   0.000000 244.322508 -76.428689 -29.716922 -17.725722  -0.000000 -17.638176  -0.087546 -20.224653 274.734745 277.605971   0.196247   0.196344 276.575697   0.198381
   451   0.000000 244.131875 -76.510671 -29.601797 -17.848091  -0.000000 -17.765314  -0.082777 -20.098582 274.711900 277.566091   0.196242   0.196344 276.549050   0.198381
   452   0.000000 243.943823 -76.588881 -29.496375 -17.954303  -0.000000 -17.876052  -0.078251 -19.979333 274.688754 277.526864   0.196238   0.196344 276.522400   0.198380
   453   0.000000 243.757973 -76.663610 -29.399888 -18.045542  -0.000000 -17.971585  -0.073957 -19.866767 274.665297 277.488256   0.196233   0.196344 276.495710   0.198380
   454   0.000000 243.573999 -76.735125 -29.311610 -18.122949  -0.000000 -18.053062  -0.069887 -19.760716 274.641522 277.450235   0.196228   0.196344 276.468948   0.198380
   455   0.000000 243.391622 -76.803673 -29.230862 -18.187611  -0.000000 -18.121581  -0.066029 -19.660989 274.617430 277.412769   0.196223   0.196344 276.442092   0.198379
   456   0.000000 243.210609 -76.869476 -29.157013 -18.240559  -0.000000 -18.178183  -0.062376 -19.567379 274.593022 277.375830   0.196219   0.196344 276.415124   0.198379
   457   0.000000 243.030766 -76.932737 -29.089483 -18.282763  -0.000000 -18.223848  -0.058915 -19.479658 274.568305 277.339389   0.196214   0.196344 276.388030   0.198379
   458   0.000000 242.851936 -76.993640 -29.027736 -18.315137  -0.000000 -18.259498  -0.055639 -19.397593 274.543288 277.303422   0.196209   0.196344 276.360804   0.198378
   459   0.000000 242.673993 -77.052349 -28.971283 -18.338533  -0.000000 -18.285995  -0.052537 -19.320937 274.517984 277.267904   0.196204   0.196344 276.333440   0.198378
   460   0.000000 242.496838 -77.109015 -28.919677 -18.353750  -0.000000 -18.304149  -0.049601 -19.249441 274.492406 277.232814   0.196200   0.196344 276.305940   0.198378
   461   0.000000 242.320398 -77.163774 -28.872509 -18.361533  -0.000000 -18.314712  -0.046821 -19.182851 274.466570 277.198129   0.196195   0.196344 276.278306   0.198377
   462   0.000000 242.144621 -77.216749 -28.829405 -18.362579  -0.000000 -18.318389  -0.044190 -19.120912 274.440493 277.163832   0.196190   0.196344 276.250544   0.198377
   463   0.000000 241.969469 -77.268052 -28.790020 -18.357537  -0.000000 -18.315838  -0.041699 -19.063369 274.414192 277.129903   0.196186   0.196344 276.222661   0.198377
   464   0.000000 241.794923 -77.317787 -28.754041 -18.347013  -0.000000 -18.307673  -0.039340 -19.009973 274.387687 277.096326   0.196181   0.196344 276.194665   0.198376
   465   0.000000 241.620973 -77.366048 -28.721174 -18.331572  -0.000000 -18.294464  -0.037107 -18.960474 274.360996 277.063087   0.196177   0.196344 276.166569   0.198376
   466   0.000000 241.447619 -77.412922 -28.691150 -18.311740  -0.000000 -18.276748  -0.034992 -18.914632 274.334139 277.030169   0.196172   0.196344 276.138383   0.198376
   467   0.000000 241.274870 -77.458490 -28.663717 -18.288011  -0.000000 -18.255021  -0.032989 -18.872210 274.307135 276.997561   0.196167   0.196344 276.110119   0.198375
   468   0.000000 241.102739 -77.502826 -28.638643 -18.260840  -0.000000 -18.229748  -0.031092 -18.832983 274.280003 276.965250   0.196163   0.196344 276.081790   0.198375
   469   0.000000 240.931242 -77.546002 -28.610175 -18.227134  -0.000000 -18.197840  -0.029294 -18.796731 274.252570 276.933219   0.196158   0.196344 276.053243   0.198375
   470   0.000000 240.760651 -77.586972 -28.585168 -18.190783  -0.000000 -18.163189  -0.027595 -18.764544 274.224934 276.901454   0.196154   0.196344 276.024570   0.198374
   471   0.000000 240.590768 -77.626373 -28.561738 -18.151883  -0.000000 -18.125897  -0.025986 -18.735642 274.197129 276.869945   0.196149   0.196344 275.995777   0.198374
   472   0.000000 240.421471 -77.664477 -28.539033 -18.110676  -0.000000 -18.086213  -0.024463 -18.709711 274.169166 276.838680   0.196145   0.196344 275.966862   0.198374
   473   0.000000 240.252682 -77.701405 -28.516780 -18.067546  -0.000000 -18.044527  -0.023019 -18.686601 274.141052 276.807649   0.196140   0.196344 275.937826   0.198373
   474   0.000000 240.084345 -77.737253 -28.494786 -18.022860  -0.000000 -18.001210  -0.021650 -18.666182 274.112795 276.776842   0.196136   0.196344 275.908672   0.198373
   475   0.000000 239.916409 -77.772106 -28.472869 -17.976941  -0.000000 -17.956589  -0.020352 -18.648326 274.084405 276.746250   0.196131   0.196344 275.879403   0.198373
   476   0.000000 239.748832 -77.806045 -28.450860 -17.930076  -0.000000 -17.910955  -0.019120 -18.632911 274.055889 276.715864   0.196127   0.196344 275.850021   0.198372
   477   0.000000 239.581576 -77.839142 -28.428606 -17.882519  -0.000000 -17.864568  -0.017951 -18.619820 274.027254 276.685676   0.196123   0.196344 275.820530   0.198372
   478   0.000000 239.414607 -77.871462 -28.405967 -17.834496  -0.000000 -17.817656  -0.016840 -18.608949 273.998507 276.655678   0.196118   0.196344 275.790932   0.198372
   479   0.000000 239.247892 -77.903067 -28.382817 -17.786208  -0.000000 -17.770423  -0.015784 -18.600198 273.969652 276.625863   0.196114   0.196344 275.761229   0.198371
   480   0.000000 239.081399 -77.934012 -28.359041 -17.737828  -0.000000 -17.723048  -0.014781 -18.593475 273.940695 276.596223   0.196110   0.196344 275.731423   0.198371
   481   0.000000 238.915097 -77.964351 -28.334536 -17.689511  -0.000000 -17.675685  -0.013827 -18.588698 273.911639 276.566752   0.196105   0.196344 275.701515   0.198371
   482   0.000000 238.748957 -77.994129 -28.309210 -17.641389  -0.000000 -17.628470  -0.012918 -18.585791 273.882489 276.537444   0.196101   0.196344 275.671506   0.198370
   483   0.000000 238.582948 -78.023394 -28.282982 -17.593574  -0.000000 -17.581520  -0.012054 -18.584686 273.853246 276.508292   0.196097   0.196344 275.641397   0.198370
   484   0.000000 238.417039 -78.052185 -28.255782 -17.546164  -0.000000 -17.534934  -0.011231 -18.585321 273.823912 276.479290   0.196092   0.196344 275.611186   0.198370
   485   0.000000 238.251199 -78.080542 -28.227547 -17.499240  -0.000000 -17.488793  -0.010446 -18.587641 273.794490 276.450432   0.196088   0.196344 275.580875   0.198369
   486   0.000000 238.085398 -78.108501 -28.198226 -17.452867  -0.000000 -17.443168  -0.009698 -18.591598 273.764978 276.421713   0.196084   0.196344 275.550461   0.198369
   487   0.000000 237.919604 -78.136094 -28.167775 -17.407100  -0.000000 -17.398115  -0.008985 -18.597146 273.735377 276.393127   0.196079   0.196344 275.519944   0.198369
   488   0.000000 237.753787 -78.163354 -28.136159 -17.361982  -0.000000 -17.353677  -0.008305 -18.604248 273.705688 276.364669   0.196075   0.196344 275.489322   0.198368
   489   0.000000 237.587915 -78.190308 -28.103352 -17.317545  -0.000000 -17.309889  -0.007656 -18.612869 273.675909 276.336334   0.196071   0.196344 275.458593   0.198368
   490   0.000000 237.421957 -78.216984 -28.069332 -17.273811  -0.000000 -17.266775  -0.007036 -18.622976 273.646039 276.308116   0.196067   0.196344 275.427756   0.198368
   491   0.000000 237.255883 -78.243408 -28.034088 -17.230797  -0.000000 -17.224354  -0.006444 -18.634542 273.616077 276.280011   0.196063   0.196344 275.396807   0.198367
   492   0.000000 237.089663 -78.269602 -27.997614 -17.188511  -0.000000 -17.182633  -0.005878 -18.647542 273.586021 276.252014   0.196058   0.196344 275.365746   0.198367
   493   0.000000 236.923267 -78.295589 -27.959908 -17.146954  -0.000000 -17.141617  -0.005337 -18.661953 273.555870 276.224120   0.196054   0.196344 275.334570   0.198367
   494   0.000000 236.756667 -78.321390 -27.920976 -17.106124  -0.000000 -17.101304  -0.004821 -18.677753 273.525622 276.196325   0.196050   0.196344 275.303277   0.198366
   495   0.000000 236.589835 -78.347023 -27.880830 -17.066013  -0.000000 -17.061687  -0.004327 -18.694921 273.495275 276.168623   0.196046   0.196344 275.271865   0.198366
   496   0.000000 236.422744 -78.372507 -27.839485 -17.026610  -0.000000 -17.022755  -0.003854 -18.713440 273.464827 276.141011   0.196042   0.196344 275.240331   0.198366
   497   0.000000 236.255370 -78.397860 -27.796961 -16.987899  -0.000000 -16.984497  -0.003402 -18.733290 273.434277 276.113484   0.196038   0.196344 275.208673   0.198365
   498   0.000000 236.087687 -78.423096 -27.753282 -16.949863  -0.000000 -16.946893  -0.002970 -18.754453 273.403622 276.086038   0.196034   0.196344 275.176891   0.198365
   499   0.000000 235.919672 -78.448232 -27.708477 -16.912484  -0.000000 -16.909928  -0.002556 -18.776911 273.372862 276.058669   0.196030   0.196344 275.144982   0.198365
   500   0.000000 235.751306 -78.473281 -27.662577 -16.875739  -0.000000 -16.873579  -0.002161 -18.800645 273.341996 276.031372   0.196026   0.196344 275.112945   0.198364
   501   0.000000 235.582567 -78.498257 -27.615619 -16.839607  -0.000000 -16.837825  -0.001782 -18.825637 273.311021 276.004144   0.196022   0.196344 275.080779   0.198364
   502   0.000000 235.413438 -78.523174 -27.567639 -16.804064  -0.000000 -16.802644  -0.001420 -18.851867 273.279937 275.976981   0.196018   0.196344 275.048484   0.198364
   503   0.000000 235.243902 -78.548046 -27.518666 -16.769079  -0.000000 -16.768005  -0.001074 -18.879310 273.248745 275.949880   0.196014   0.196344 275.016059   0.198363
   504   0.000000 235.073945 -78.572884 -27.468744 -16.734625  -0.000000 -16.733883  -0.000743 -18.907946 273.217443 275.922836   0.196010   0.196344 274.983505   0.198363
   505   0.000000 234.903554 -78.597699 -27.414472 -16.698581  -0.000000 -16.698155  -0.000426 -18.937752 273.185927 275.895843   0.196006   0.196344 274.950735   0.198363
   506   0.000000 234.732869 -78.621891 -27.359866 -16.663496  -0.000000 -16.663373  -0.000123 -18.969409 273.154238 275.868896   0.196038   0.196345 274.917792   0.198387
   507   0.000000 234.561799 -78.645727 -27.304170 -16.553900  -0.000000 -16.553900  -0.000000 -19.002603 273.125629 275.842091   0.196096   0.196347 274.886275   0.198428
   508   0.000000 234.390290 -78.683843 -27.173959 -16.613786  -0.000000 -16.613786  -0.000000 -19.015233 273.093226 275.815308   0.196153   0.196349 274.852747   0.198466
   509   0.000000 234.221500 -78.702361 -27.136102 -16.528972  -0.000000 -16.528972  -0.000000 -19.054576 273.060171 275.788530   0.196211   0.196351 274.819131   0.198501
   510   0.000000 234.051131 -78.719543 -27.104864 -16.470059  -0.000000 -16.470059  -0.000000 -19.098515 273.027126 275.761761   0.196267   0.196353 274.785323   0.198533
   511   0.000000 233.878803 -78.738726 -27.062668 -16.416568  -0.000000 -16.416568  -0.000000 -19.142443 272.993951 275.734999   0.196323   0.196355 274.751202   0.198564
   512   0.000000 233.705040 -78.758772 -27.014193 -16.368063  -0.000000 -16.368063  -0.000000 -19.187336 272.960616 275.708244   0.196379   0.196357 274.716805   0.198593
   513   0.000000 233.530148 -78.779248 -26.961554 -16.323425  -0.000000 -16.323425  -0.000000 -19.233397 272.927117 275.681492   0.196435   0.196359 274.682163   0.198620
   514   0.000000 233.354300 -78.799974 -26.905693 -16.281599  -0.000000 -16.281599  -0.000000 -19.280629 272.893453 275.654742   0.196490   0.196361 274.647292   0.198647
   515   0.000000 233.177605 -78.820840 -26.847201 -16.241873  -0.000000 -16.241873  -0.000000 -19.329025 272.859623 275.627991   0.196544   0.196363 274.612203   0.198672
   516   0.000000 233.000132 -78.841774 -26.786480 -16.203771  -0.000000 -16.203771  -0.000000 -19.378577 272.825625 275.601236   0.196598   0.196365 274.576904   0.198696
   517   0.000000 232.821925 -78.862729 -26.723811 -16.166953  -0.000000 -16.166953  -0.000000 -19.429281 272.791458 275.574477   0.196652   0.196367 274.541398   0.198719
   518   0.000000 232.643011 -78.883671 -26.659396 -16.131174  -0.000000 -16.131174  -0.000000 -19.481128 272.757121 275.547709   0.196706   0.196369 274.505687   0.198741
   519   0.000000 232.463408 -78.904577 -26.593392 -16.096244  -0.000000 -16.096244  -0.000000 -19.534113 272.722612 275.520930   0.196759   0.196371 274.469774   0.198762
   520   0.000000 232.283128 -78.925430 -26.525920 -16.062015  -0.000000 -16.062015  -0.000000 -19.588230 272.687929 275.494139   0.196811   0.196372 274.433657   0.198783
   521   0.000000 232.102176 -78.946218 -26.457080 -16.028363  -0.000000 -16.028363  -0.000000 -19.643474 272.653070 275.467333   0.196864   0.196374 274.397338   0.198804
   522   0.000000 231.920555 -78.966931 -26.386957 -15.995185  -0.000000 -15.995185  -0.000000 -19.699839 272.618034 275.440509   0.196916   0.196376 274.360816   0.198823
   523   0.000000 231.738266 -78.987561 -26.315625 -15.962391  -0.000000 -15.962391  -0.000000 -19.757321 272.582819 275.413664   0.196967   0.196378 274.324090   0.198842
   524   0.000000 231.555308 -79.008103 -26.243150 -15.929903  -0.000000 -15.929903  -0.000000 -19.815915 272.547424 275.386797   0.197018   0.196380 274.287160   0.198861
   525   0.000000 231.371680 -79.028551 -26.169590 -15.897649  -0.000000 -15.897649  -0.000000 -19.875615 272.511846 275.359905   0.197069   0.196382 274.250024   0.198879
   526   0.000000 231.187378 -79.048902 -26.095000 -15.865568  -0.000000 -15.865568  -0.000000 -19.936416 272.476084 275.332986   0.197120   0.196384 274.212682   0.198897
   527   0.000000 231.002401 -79.069152 -26.019430 -15.833599  -0.000000 -15.833599  -0.000000 -19.998314 272.440136 275.306036   0.197170   0.196386 274.175133   0.198914
   528   0.000000 230.816744 -79.089298 -25.942925 -15.801692  -0.000000 -15.801692  -0.000000 -20.061301 272.404002 275.279055   0.197220   0.196388 274.137376   0.198931
   529   0.000000 230.630404 -79.109339 -25.865530 -15.769795  -0.000000 -15.769795  -0.000000 -20.125373 272.367679 275.252039   0.197269   0.196390 274.099410   0.198948
   530   0.000000 230.443377 -79.129272 -25.787284 -15.737865  -0.000000 -15.737865  -0.000000 -20.190522 272.331166 275.224987   0.197319   0.196392 274.061234   0.198964
   531   0.000000 230.255660 -79.149097 -25.708227 -15.705860  -0.000000 -15.705860  -0.000000 -20.256744 272.294462 275.197895   0.197367   0.196393 274.022847   0.198980
   532   0.000000 230.067247 -79.168812 -25.628393 -15.673740  -0.000000 -15.673740  -0.000000 -20.324030 272.257566 275.170763   0.197416   0.196395 273.984248   0.198995
   533   0.000000 229.878136 -79.188417 -25.547819 -15.641470  -0.000000 -15.641470  -0.000000 -20.392375 272.220477 275.143587   0.197464   0.196397 273.945436   0.199011
   534   0.000000 229.688324 -79.207911 -25.466535 -15.609015  -0.000000 -15.609015  -0.000000 -20.461770 272.183193 275.116365   0.197512   0.196399 273.906411   0.199025
   535   0.000000 229.497805 -79.227294 -25.384574 -15.576344  -0.000000 -15.576344  -0.000000 -20.532208 272.145713 275.089096   0.197559   0.196401 273.867172   0.199040
   536   0.000000 229.306578 -79.246565 -25.301966 -15.543427  -0.000000 -15.543427  -0.000000 -20.603682 272.108037 275.061778   0.197607   0.196403 273.827718   0.199055
   537   0.000000 229.114639 -79.265726 -25.218738 -15.510238  -0.000000 -15.510238  -0.000000 -20.676182 272.070164 275.034407   0.197653   0.196405 273.788048   0.199069
   538   0.000000 228.921986 -79.284775 -25.134918 -15.476750  -0.000000 -15.476750  -0.000000 -20.749702 272.032093 275.006983   0.197700   0.196407 273.748163   0.199083
   539   0.000000 228.728614 -79.303715 -25.050534 -15.442939  -0.000000 -15.442939  -0.000000 -20.824231 271.993824 274.979504   0.197746   0.196408 273.708061   0.199096
   540   0.000000 228.534523 -79.322544 -24.965609 -15.408784  -0.000000 -15.408784  -0.000000 -20.899761 271.955355 274.951967   0.197792   0.196410 273.667742   0.199110
   541   0.000000 228.339710 -79.341265 -24.876718 -15.372131  -0.000000 -15.372131  -0.000000 -20.976282 271.916577 274.924367   0.197837   0.196412 273.627097   0.199123
   542   0.000000 228.144321 -79.359246 -24.788005 -15.335710  -0.000000 -15.335710  -0.000000 -21.054533 271.877535 274.896702   0.197883   0.196414 273.586174   0.199136
   543   0.000000 227.948237 -79.376810 -24.698517 -15.298763  -0.000000 -15.298763  -0.000000 -21.134166 271.838233 274.868967   0.197927   0.196416 273.544967   0.199148
   544   0.000000 227.751378 -79.394049 -24.608022 -15.261105  -0.000000 -15.261105  -0.000000 -21.215137 271.798663 274.841160   0.197972   0.196418 273.503466   0.199161
   545   0.000000 227.553685 -79.410992 -24.516529 -15.222723  -0.000000 -15.222723  -0.000000 -21.297476 271.758819 274.813277   0.198016   0.196419 273.461662   0.199173
   546   0.000000 227.355104 -79.427660 -24.424067 -15.183614  -0.000000 -15.183614  -0.000000 -21.381207 271.718695 274.785316   0.198060   0.196421 273.419549   0.199185
   547   0.000000 227.155591 -79.444072 -24.330667 -15.143773  -0.000000 -15.143773  -0.000000 -21.466350 271.678285 274.757273   0.198103   0.196423 273.377122   0.199197
   548   0.000000 226.955106 -79.460246 -24.236358 -15.103193  -0.000000 -15.103193  -0.000000 -21.552918 271.637585 274.729144   0.198147   0.196425 273.334376   0.199209
   549   0.000000 226.753614 -79.476199 -24.141172 -15.061867  -0.000000 -15.061867  -0.000000 -21.640917 271.596592 274.700928   0.198189   0.196427 273.291306   0.199220
   550   0.000000 226.551083 -79.491948 -24.045141 -15.019790  -0.000000 -15.019790  -0.000000 -21.730352 271.555302 274.672620   0.198232   0.196428 273.247908   0.199232
   551   0.000000 226.347485 -79.507507 -23.948296 -14.976956  -0.000000 -14.976956  -0.000000 -21.821222 271.513714 274.644217   0.198274   0.196430 273.204181   0.199243
   552   0.000000 226.142797 -79.522893 -23.850671 -14.933358  -0.000000 -14.933358  -0.000000 -21.913523 271.471825 274.615718   0.198316   0.196432 273.160122   0.199254
   553   0.000000 225.936996 -79.538119 -23.752301 -14.888995  -0.000000 -14.888995  -0.000000 -22.007247 271.429635 274.587118   0.198357   0.196434 273.115730   0.199264
   554   0.000000 225.730064 -79.553199 -23.653220 -14.843861  -0.000000 -14.843861  -0.000000 -22.102383 271.387142 274.558416   0.198398   0.196436 273.071003   0.199275
   555   0.000000 225.521986 -79.568148 -23.553464 -14.797957  -0.000000 -14.797957  -0.000000 -22.198916 271.344346 274.529608   0.198439   0.196437 273.025941   0.199285
   556   0.000000 225.312747 -79.582980 -23.453069 -14.751280  -0.000000 -14.751280  -0.000000 -22.296832 271.301248 274.500692   0.198479   0.196439 272.980544   0.199295
   557   0.000000 225.102337 -79.597708 -23.352073 -14.703832  -0.000000 -14.703832  -0.000000 -22.396109 271.257848 274.471666   0.198519   0.196441 272.934813   0.199305
   558   0.000000 224.890747 -79.612345 -23.250515 -14.655616  -0.000000 -14.655616  -0.000000 -22.496726 271.214147 274.442527   0.198559   0.196443 272.888749   0.199315
   559   0.000000 224.677971 -79.626907 -23.148433 -14.606636  -0.000000 -14.606636  -0.000000 -22.598658 271.170148 274.413274   0.198598   0.196444 272.842355   0.199325
   560   0.000000 224.464004 -79.641406 -23.045868 -14.556896  -0.000000 -14.556896  -0.000000 -22.701879 271.125853 274.383904   0.198637   0.196446 272.795631   0.199335
   561   0.000000 224.248844 -79.655856 -22.942861 -14.506405  -0.000000 -14.506405  -0.000000 -22.806357 271.081263 274.354415   0.198676   0.196448 272.748582   0.199344
   562   0.000000 224.032490 -79.670271 -22.839453 -14.455170  -0.000000 -14.455170  -0.000000 -22.912062 271.036383 274.324805   0.198714   0.196450 272.701210   0.199353
   563   0.000000 223.814944 -79.684666 -22.735688 -14.403204  -0.000000 -14.403204  -0.000000 -23.018959 270.991215 274.295074   0.198752   0.196451 272.653520   0.199362
   564   0.039444 223.596210 -79.667500 -22.631609 -14.350517  -0.000000 -14.350517  -0.000000 -23.127012 270.946431 274.265240   0.198790   0.196453 272.605888   0.199371
   565   0.299562 223.376293 -79.476713 -22.515721 -14.289624  -0.000000 -14.289624  -0.000000 -23.231663 270.905222 274.235413   0.198827   0.196455 272.560103   0.199380
   566   1.458094 223.155710 -78.583581 -22.334727 -14.186107  -0.000000 -14.186107  -0.000000 -23.311337 270.879759 274.206060   0.198864   0.196457 272.523016   0.199388
   567   4.317559 222.937322 -76.396495 -21.888438 -13.911242  -0.000000 -13.911242  -0.000000 -23.284109 270.886110 274.178082   0.198899   0.196458 272.503729   0.199396
   568   9.290054 222.732749 -72.644703 -20.931035 -13.307351  -0.000000 -13.307351  -0.000000 -23.043808 270.934828 274.152613   0.198933   0.196460 272.508813   0.199403
   569  16.382590 222.564062 -67.347388 -19.328027 -12.285569  -0.000000 -12.285569  -0.000000 -22.524495 271.028975 274.130775   0.198962   0.196461 272.541435   0.199406
   570  25.390383 222.458179 -60.655977 -17.072978 -10.833506  -0.000000 -10.833506  -0.000000 -21.712602 271.166760 274.113544   0.198986   0.196463 272.602483   0.199407
   571  36.039777 222.440505 -52.757515 -14.231889  -8.979589  -0.000000  -8.979589  -0.000000 -20.627487 271.344171 274.101695   0.199004   0.196464 272.691574   0.199403
   572  48.058016 222.531362 -43.833740 -10.896137  -6.764720  -0.000000  -6.764720  -0.000000 -19.302668 271.556497 274.095808   0.199013   0.196464 272.807631   0.199394
   573  61.200008 222.744868 -34.047303  -7.158262  -4.228726  -0.000000  -4.228726  -0.000000 -17.775173 271.799045 274.096286   0.199014   0.196465 272.949194   0.199380
   574  75.255042 223.089130 -23.539264  -3.102283  -1.405629  -0.000000  -1.405629  -0.000000 -16.080684 272.067419 274.103383   0.199004   0.196465 273.114575   0.199360
   575  90.045335 223.566940 -12.430742   1.196622   1.673510   0.000000   1.673510   0.000000 -14.251746 272.358234 274.117247   0.198990   0.196465 273.334134   0.199339
   576 105.421836 224.959259  -0.069422   1.594157   2.854414   0.000000   2.854304   0.000110 -12.313086 272.763382 274.140776   0.198975   0.196465 273.679358   0.199319
